(2188,1970)
(2496,4072)
(1945,4198)
(3337,487)
(2631,3479)
(3915,1366)
(766,1493)
(3325,1271)
(2165,4322)
(4334,1471)
(1741,4031)
(2761,677)
(916,3130)
(3749,3935)
(352,4714)
(1917,4378)
(2999,1673)
(1854,1814)
(2164,2528)
(2358,3562)
(246,1965)
(4354,1197)
(2877,3080)
(4417,1482)
(4926,3574)
(4640,3217)
(4122,1305)
(777,4755)
(2890,2790)
(4163,3817)
(3085,4426)
(2342,4907)
(562,3783)
(367,3315)
(3356,2152)
(452,2046)
(825,2328)
(5000,3765)
(1096,1330)
(394,3044)
(700,2562)
(4103,3025)
(4113,1498)
(2745,1890)
(332,3563)
(3453,930)
(2936,640)
(3049,1749)
(821,1512)
(5000,3657)
(2517,4628)
(1426,3312)
(4130,4003)
(3398,3559)
(2586,1200)
(1861,2193)
(3760,942)
(4141,4017)
(639,3090)
(1661,977)
(2633,2830)
(2369,3952)
(422,2688)
(2834,3005)
(2908,1722)
(4947,976)
(3382,1763)
(4271,1107)
(3192,3588)
(1507,3556)
(679,3633)
(2938,2954)
(680,4272)
(945,3752)
(2984,1609)
(4172,3730)
(1889,2803)
(4038,1286)
(4195,2401)
(4274,479)
(4306,1222)
(1014,3744)
(1960,3622)
(0,4405)
(311,1786)
(2468,1850)
(4850,4439)
(968,3749)
(4895,654)
(4799,3575)
(0,3708)
(1190,1997)
(1109,2826)
(2693,3486)
(2869,2665)
(2623,1212)
(1838,1925)
(4554,1650)
(4208,3228)
(3535,3428)
(407,1214)
(0,4768)
(4267,4222)
(4646,1131)
(1735,1544)
(3352,4596)
(3832,1557)
(4217,1368)
(2976,1047)
(2728,3685)
(713,4007)
(2838,1342)
(5000,3699)
(488,2842)
(2768,1808)
(3678,2258)
(3929,3826)
(1356,3066)
(4024,4063)
(2069,2184)
(3330,1696)
(3576,934)
(2101,941)
(2213,1182)
(4152,986)
(3569,4543)
(2354,1013)
(3441,3082)
(3845,1859)
(734,3261)
(715,2753)
(4004,3609)
(2371,2764)
(2610,1060)
(400,2863)
(2425,1014)
(1148,3251)
(1265,3836)
(3240,2166)
(3452,1002)
(1083,826)
(3340,532)
(4389,2080)
(3458,524)
(3143,3401)
(3835,3628)
(3226,2123)
(1449,3485)
(778,2526)
(4296,1515)
(3838,4084)
(426,4326)
(3812,4849)
(276,4796)
(2242,2074)
(2968,3935)
(3191,3684)
(3370,3686)
(897,2864)
(2614,899)
(3705,3410)
(1833,3488)
(3428,1826)
(4849,1031)
(2075,3250)
(826,1119)
(566,3932)
(3210,3818)
(1529,4016)
(3761,2645)
(3384,2658)
(3418,3703)
(1460,4559)
(4227,3872)
(4220,4098)
(3679,482)
(3381,559)
(3258,3606)
(779,4174)
(1384,3759)
(2614,4416)
(5000,3512)
(43,4254)
(4017,3752)
(2805,1917)
(167,5000)
(3656,1494)
(1214,4223)
(732,1968)
(2232,4620)
(4549,435)
(4994,3222)
(2535,2335)
(981,3769)
(3420,2728)
(2275,129)
(3864,638)
(4416,1380)
(656,2373)
(3051,3504)
(4348,4888)
(3202,1458)
(2524,4512)
(2872,4148)
(3276,1757)
(4916,3480)
(2712,2883)
(1655,3137)
(1640,5000)
(790,2578)
(1511,914)
(1006,3896)
(307,3629)
(876,3786)
(4632,1627)
(4320,4021)
(2907,2462)
(1219,1910)
(697,293)
(683,4559)
(2578,2371)
(1622,987)
(4696,4658)
(2799,2720)
(2828,1206)
(2268,4518)
(476,4094)
(978,2763)
(3009,1668)
(787,199)
(2493,4757)
(968,476)
(2461,2967)
(2975,973)
(265,2719)
(2589,1203)
(2300,3315)
(3315,1832)
(4176,1343)
(0,4636)
(2526,2086)
(1576,480)
(2463,1737)
(4400,3976)
(4935,1102)
(2703,4836)
(2711,2970)
(2414,1966)
(746,4052)
(4297,2693)
(3249,4753)
(2270,1463)
(3242,3545)
(1074,2605)
(24,4067)
(2719,508)
(4317,3281)
(0,4649)
(837,2490)
(2377,3632)
(2855,1456)
(3328,1905)
(2751,3735)
(3153,1271)
(1563,1025)
(3741,1670)
(2030,3157)
(2410,409)
(1868,843)
(2205,1697)
(118,4846)
(1057,3819)
(491,3142)
(2277,553)
(3462,1733)
(1337,1621)
(3236,3605)
(2858,535)
(3103,1800)
(3485,1865)
(3109,3500)
(1658,3635)
(2334,1703)
(402,4497)
(4922,785)
(4496,4060)
(3186,3905)
(4945,3105)
(468,1037)
(210,2462)
(3265,3380)
(4576,2713)
(651,111)
(3470,523)
(5000,3835)
(4439,506)
(4005,4186)
(818,3913)
(3416,1697)
(2633,793)
(3367,3232)
(2031,873)
(4529,4842)
(1752,347)
(3413,2193)
(4211,4159)
(3793,1431)
(4123,4046)
(3393,3941)
(2894,2015)
(658,2597)
(2901,4125)
(1214,1997)
(1060,2762)
(1722,3635)
(2446,3666)
(911,3164)
(3299,3353)
(2418,571)
(2564,4072)
(5000,3514)
(4950,3922)
(277,4194)
(4401,482)
(4461,4697)
(3353,2542)
(4755,3454)
(4118,2345)
(2104,825)
(560,2947)
(4899,3324)
(627,2479)
(3453,1847)
(3327,3657)
(2747,2853)
(899,4069)
(2977,1329)
(1012,3192)
(1306,1195)
(2893,3092)
(3352,3606)
(5000,3756)
(142,4248)
(3313,3385)
(4144,1327)
(3486,1098)
(2289,2281)
(3204,3563)
(2765,1981)
(1600,4688)
(459,4305)
(3310,3501)
(2319,1894)
(3397,4143)
(3023,3444)
(4098,3961)
(1249,4057)
(599,528)
(1714,2430)
(4766,2784)
(1772,5000)
(2234,2587)
(3725,3019)
(2736,1256)
(3310,1757)
(2670,2888)
(2585,2521)
(462,1583)
(4207,3207)
(4069,469)
(908,3740)
(3024,2046)
(3569,1580)
(2321,88)
(1030,2161)
(509,4152)
(15,611)
(3213,1837)
(3378,2170)
(1363,240)
(3355,2415)
(2426,2891)
(2135,4139)
(2207,2029)
(3065,2060)
(1716,3374)
(0,4517)
(1338,3687)
(4011,4045)
(4262,1412)
(4076,764)
(2450,107)
(3238,1614)
(2181,1868)
(2951,1786)
(3422,3357)
(4395,3863)
(2817,4186)
(4462,2641)
(3235,2484)
(4682,4041)
(588,2714)
(3678,3175)
(4249,3930)
(4477,1579)
(5000,3569)
(3431,4237)
(3461,3591)
(3530,981)
(4283,1713)
(1167,785)
(3350,3494)
(760,2124)
(2140,308)
(2053,1817)
(2596,2510)
(2129,1812)
(4440,4292)
(2547,1571)
(1145,393)
(1330,3593)
(1433,3048)
(1968,4338)
(3081,1212)
(3050,1633)
(1136,2532)
(4045,1669)
(990,3875)
(3230,3671)
(1891,4276)
(2416,714)
(2851,4843)
(1292,978)
(4910,3810)
(3867,4228)
(2265,3928)
(0,3846)
(3799,566)
(567,3139)
(1109,1207)
(3423,3433)
(997,2723)
(2855,1929)
(658,3028)
(3061,4020)
(3217,2052)
(1883,3755)
(0,3967)
(3798,462)
(4586,1969)
(4488,3420)
(2311,3643)
(2797,1587)
(3050,1767)
(747,4022)
(2511,3300)
(100,2575)
(2440,3770)
(2255,1775)
(3273,3744)
(3875,4078)
(1714,2619)
(3348,2117)
(3236,1647)
(4760,4471)
(2088,3476)
(3368,490)
(3063,1840)
(4976,1507)
(3887,4209)
(4491,940)
(325,2935)
(3695,3450)
(3100,1843)
(863,1298)
(51,336)
(2726,2541)
(2654,3604)
(61,4932)
(3000,2780)
(3347,1841)
(2834,2488)
(3157,1946)
(762,2535)
(1476,1124)
(2623,3473)
(3196,2611)
(3197,2018)
(576,4516)
(4247,4205)
(436,3947)
(721,4345)
(3959,540)
(4742,1703)
(795,847)
(1137,3765)
(3480,505)
(350,3880)
(1642,4166)
(543,2474)
(2655,3024)
(578,2431)
(703,3365)
(0,3888)
(1608,2690)
(3881,448)
(2013,3907)
(2097,114)
(3852,2605)
(2037,4035)
(2250,881)
(3151,4894)
(2917,3266)
(1990,1829)
(2138,532)
(3371,3621)
(3597,1160)
(4299,449)
(3830,3125)
(1911,3872)
(4151,3934)
(2594,2882)
(3371,1756)
(864,155)
(3627,1453)
(3966,919)
(2639,3564)
(488,3022)
(2253,1542)
(555,753)
(2962,1709)
(876,3548)
(2618,2579)
(2967,3221)
(3261,1224)
(444,4039)
(2412,3642)
(2903,469)
(0,4264)
(4906,3476)
(3084,3927)
(1291,2083)
(2593,1596)
(3422,889)
(4370,1631)
(4039,3975)
(3194,1705)
(2184,2071)
(1344,4309)
(943,3736)
(2308,2780)
(1178,3724)
(3033,3938)
(3457,1004)
(2080,3303)
(1925,4183)
(2486,4479)
(3050,2306)
(4655,1103)
(855,2926)
(3016,3890)
(3120,1998)
(2118,3679)
(3417,1726)
(1063,2582)
(0,4519)
(2635,2599)
(426,2412)
(3523,3061)
(3115,1546)
(1440,2919)
(3635,3467)
(1080,2118)
(182,739)
(1877,1873)
(3379,2760)
(2404,4773)
(2638,510)
(5000,3450)
(125,326)
(2554,2502)
(2391,0)
(4044,265)
(1727,4157)
(1782,1878)
(1143,4631)
(4532,3358)
(3563,3496)
(4128,501)
(351,3540)
(3132,3660)
(4165,4180)
(3368,3378)
(4680,3579)
(2808,4438)
(1214,4524)
(3098,1918)
(3463,124)
(4999,3453)
(2220,4574)
(5000,3826)
(1834,4767)
(3082,2216)
(1645,4235)
(523,3865)
(3258,3344)
(4930,3888)
(4222,2835)
(4134,3954)
(2238,2241)
(4872,3883)
(2453,1900)
(842,60)
(2647,719)
(4200,1275)
(3387,1926)
(3012,551)
(3101,3518)
(4123,762)
(735,2859)
(3257,1816)
(3379,2681)
(4254,3847)
(2791,215)
(4124,3508)
(2671,1547)
(3378,3395)
(1019,1692)
(4410,1098)
(2469,3547)
(79,545)
(4984,3548)
(3255,2012)
(371,2410)
(2313,3007)
(2238,389)
(2883,1322)
(281,4816)
(4620,534)
(4863,935)
(1886,2566)
(815,2656)
(2093,4027)
(1971,3549)
(818,3112)
(3309,2490)
(3292,4243)
(3531,2310)
(3923,3063)
(325,4118)
(2310,1150)
(3374,791)
(3472,1851)
(118,3495)
(1919,1938)
(2275,819)
(1186,4504)
(648,1216)
(3871,1718)
(3628,1788)
(2081,3935)
(2871,2748)
(3206,3263)
(2060,1782)
(1982,4572)
(3785,1627)
(4798,3518)
(3982,3898)
(670,3324)
(2277,2948)
(5000,3881)
(4911,3809)
(2013,1828)
(2444,2014)
(3488,3447)
(3388,3509)
(4888,3532)
(4174,1974)
(2503,2594)
(3042,4040)
(2066,792)
(4273,2855)
(0,4266)
(3740,1345)
(3903,2800)
(4171,4012)
(4296,516)
(1312,2925)
(0,2172)
(3198,2351)
(2661,160)
(641,3107)
(322,4788)
(3784,462)
(514,2514)
(3131,311)
(1245,4655)
(4924,3710)
(3208,3833)
(4117,2863)
(323,4006)
(2499,4541)
(3912,3104)
(3508,1708)
(808,3876)
(1248,4148)
(4937,4443)
(2466,4485)
(4238,4213)
(2912,1044)
(1279,4400)
(3916,1129)
(1187,2596)
(3258,2849)
(4099,3990)
(2041,1461)
(1559,3407)
(155,850)
(0,3945)
(713,2834)
(3240,1906)
(4280,3634)
(2047,84)
(679,2957)
(2776,230)
(2090,2117)
(3177,1971)
(4543,2408)
(3562,3475)
(3694,3136)
(2329,305)
(2945,1476)
(0,4079)
(3260,1982)
(3387,1794)
(2053,3231)
(3140,870)
(3138,1992)
(0,4200)
(4076,1494)
(3733,4538)
(968,161)
(4933,4003)
(2102,4705)
(142,3502)
(3898,1572)
(2435,4622)
(2521,1656)
(2137,4928)
(3857,2214)
(786,2520)
(4011,3849)
(1612,3996)
(4893,4991)
(2190,1492)
(1656,575)
(3198,3453)
(2046,2423)
(3425,3617)
(2399,2955)
(3301,548)
(3241,3392)
(2993,1829)
(1064,3386)
(825,889)
(2218,32)
(2856,548)
(2498,4775)
(674,1366)
(2766,2725)
(4966,3617)
(3180,1547)
(1323,3209)
(2803,577)
(2530,3128)
(817,3751)
(4925,3212)
(861,2774)
(31,4010)
(2920,280)
(629,3407)
(2040,3156)
(4285,1347)
(1160,599)
(2216,3318)
(2302,2338)
(3142,3483)
(1679,4318)
(3640,498)
(3630,3422)
(2869,1560)
(3302,624)
(4262,4049)
(1444,2586)
(157,577)
(3770,850)
(681,3472)
(3169,1384)
(4289,1415)
(1703,2702)
(2647,4722)
(2262,3568)
(1042,4124)
(2786,4248)
(1509,2018)
(4017,3063)
(2085,673)
(1785,3350)
(3910,456)
(504,3667)
(552,4381)
(89,944)
(2952,2860)
(4146,854)
(3242,1875)
(3319,1570)
(4360,1308)
(4909,89)
(4481,2537)
(852,4242)
(4878,3405)
(470,3157)
(3061,1985)
(2789,1526)
(3265,3441)
(3235,825)
(2118,274)
(1037,4143)
(4278,2033)
(3949,3026)
(3579,1803)
(1411,3832)
(4205,508)
(2586,500)
(4638,511)
(1805,2271)
(4141,4256)
(688,3743)
(4449,1928)
(2857,3107)
(4490,239)
(1922,2038)
(3389,1884)
(3150,1373)
(4396,991)
(3813,4319)
(4220,4148)
(2998,1891)
(3360,257)
(0,4752)
(1609,2759)
(2904,512)
(2458,462)
(3254,1564)
(2032,1751)
(3306,3417)
(720,2718)
(1383,4459)
(2489,162)
(1833,760)
(976,3583)
(3304,3492)
(1748,2113)
(1930,3810)
(3011,3132)
(865,719)
(3236,3479)
(4237,4047)
(3173,2901)
(3455,1567)
(3905,2298)
(2977,222)
(0,4068)
(342,5000)
(4671,488)
(3322,3374)
(1776,202)
(909,3771)
(4249,1145)
(1508,3578)
(4868,894)
(4960,3637)
(4156,4071)
(2091,2586)
(0,4081)
(2691,2056)
(2353,785)
(1457,1667)
(4714,2305)
(455,3843)
(787,2330)
(4174,4017)
(803,4031)
(3399,988)
(4851,3707)
(3355,2113)
(3283,1981)
(3515,3499)
(1547,3667)
(2793,3514)
(1852,3485)
(2043,572)
(4329,979)
(1632,449)
(928,4268)
(2983,1544)
(3704,1048)
(1611,3665)
(3471,1483)
(4179,523)
(3353,3450)
(1962,3599)
(465,1366)
(1509,4556)
(4895,3618)
(4952,3600)
(4172,3674)
(2076,624)
(1028,2647)
(2745,2668)
(2381,2391)
(132,3300)
(4011,952)
(4126,1693)
(1404,2116)
(3744,3348)
(2775,1500)
(4281,1981)
(4584,1753)
(2932,4867)
(390,3945)
(2856,792)
(0,3881)
(3937,2063)
(798,3632)
(1722,3751)
(1288,3230)
(4228,3932)
(4243,534)
(2888,2851)
(1647,315)
(2492,4019)
(2662,0)
(3739,1381)
(2572,1275)
(5000,3751)
(3424,3477)
(2165,3516)
(2853,1638)
(2849,3919)
(3827,4998)
(0,4015)
(5000,3872)
(782,2738)
(2872,4024)
(740,2741)
(2569,3168)
(5000,3764)
(309,4891)
(739,2489)
(3647,987)
(4247,494)
(4479,1783)
(4073,4249)
(1879,4340)
(3030,1698)
(2882,1571)
(1674,3642)
(2288,3047)
(4674,1914)
(4232,4134)
(2231,4354)
(2057,2252)
(2112,4928)
(1427,1856)
(1211,2726)
(3816,1223)
(939,2038)
(2687,3587)
(4435,972)
(3621,3199)
(2876,4506)
(3399,2103)
(1223,2965)
(3363,1591)
(696,3973)
(1884,1664)
(4138,1624)
(4580,508)
(213,2284)
(2697,720)
(2607,3715)
(3040,76)
(4428,3268)
(400,4446)
(3249,1583)
(1716,3140)
(2635,4578)
(1331,2511)
(4082,537)
(2412,2025)
(380,4918)
(3074,2935)
(3182,1714)
(3980,3909)
(2460,2712)
(3680,1661)
(1073,4323)
(6,3364)
(4841,3450)
(2948,1483)
(2046,628)
(5000,3443)
(1612,2093)
(3802,1543)
(3822,3178)
(2572,3303)
(1420,3734)
(2972,1961)
(819,2578)
(1079,3700)
(1851,1476)
(3210,2018)
(4195,3581)
(1335,2579)
(754,3765)
(1115,3515)
(895,3246)
(4100,2647)
(1032,2699)
(2083,4320)
(3241,2657)
(1436,4509)
(844,2648)
(5000,3806)
(3842,3291)
(4444,1144)
(2816,2629)
(433,569)
(2923,2203)
(307,3547)
(131,4553)
(3048,2090)
(1303,2236)
(4799,675)
(2908,3507)
(4981,423)
(4136,331)
(2202,2298)
(3368,3613)
(3271,3680)
(2388,3333)
(1355,3715)
(3296,3215)
(737,2619)
(2652,3150)
(3414,2682)
(3949,3780)
(878,2100)
(0,4083)
(2820,482)
(3884,618)
(873,3190)
(2507,436)
(557,3856)
(1759,4185)
(0,4433)
(1996,3869)
(748,2377)
(2293,1123)
(3565,4140)
(2694,2635)
(4170,4250)
(4844,3706)
(4811,3529)
(3188,662)
(152,895)
(4622,1792)
(611,3395)
(3314,478)
(4489,445)
(3090,1524)
(3215,1933)
(1888,4349)
(1692,2451)
(3227,1943)
(3108,3648)
(556,2799)
(764,2455)
(2402,1392)
(2773,4045)
(3360,3347)
(4674,3621)
(358,4396)
(4628,472)
(338,2468)
(2671,2721)
(2868,3006)
(3389,2183)
(1412,2797)
(646,2705)
(360,4068)
(1510,3453)
(4765,4018)
(1977,4087)
(552,3191)
(454,2656)
(3375,3308)
(2915,3589)
(4061,4804)
(0,3883)
(2328,1577)
(2978,2891)
(2109,2213)
(1625,4315)
(59,4234)
(927,3640)
(2698,1911)
(2571,3267)
(2999,2024)
(2445,4619)
(5000,3753)
(1941,656)
(2204,1524)
(2675,3095)
(3043,1801)
(2172,2511)
(2125,184)
(4236,1556)
(2472,4429)
(4640,306)
(562,4134)
(1707,3700)
(0,4138)
(4012,4120)
(2160,3645)
(2275,3632)
(2939,1168)
(2708,2467)
(2202,2366)
(2625,483)
(424,2106)
(1851,2028)
(1047,4714)
(3135,4907)
(4924,2293)
(1555,4366)
(3585,1400)
(51,4574)
(1085,3141)
(3881,1169)
(3381,3512)
(10,3755)
(2992,1421)
(2363,432)
(3261,3568)
(3457,3214)
(841,3804)
(3081,1880)
(3779,1693)
(2351,85)
(804,1936)
(4721,405)
(952,3793)
(2762,4005)
(2920,1144)
(4727,3310)
(4727,4478)
(4410,4542)
(3414,1837)
(4117,2977)
(958,2645)
(164,1094)
(429,3994)
(2858,508)
(4523,110)
(0,4756)
(886,382)
(3335,1786)
(3269,1432)
(3223,498)
(2388,636)
(2436,3565)
(328,3659)
(145,4706)
(4104,3401)
(2587,4902)
(1355,4401)
(3767,2998)
(4369,1605)
(4325,1010)
(1355,3354)
(1076,3939)
(3060,2089)
(5000,3808)
(4286,2775)
(2756,2846)
(3721,3232)
(218,2861)
(4896,2704)
(620,2612)
(141,4075)
(2760,521)
(4891,3528)
(4041,1143)
(1133,4594)
(1735,4928)
(4133,4344)
(312,4832)
(3312,1384)
(2289,4669)
(2879,3222)
(850,2377)
(3868,518)
(3556,926)
(2293,1112)
(3434,1983)
(3026,468)
(3951,3707)
(3108,4213)
(262,931)
(1740,4053)
(2820,484)
(2825,2814)
(1064,1969)
(1931,1554)
(1793,4064)
(2658,3051)
(545,2572)
(2511,3297)
(2639,715)
(2611,2831)
(1258,4026)
(4772,1324)
(2676,718)
(3684,1245)
(1953,2080)
(3454,2217)
(1812,1323)
(0,4448)
(437,2463)
(41,2005)
(3688,3323)
(885,2855)
(3313,1948)
(3186,3570)
(4048,825)
(276,1993)
(3491,3388)
(994,4195)
(237,3987)
(2737,3185)
(3220,3339)
(4187,2862)
(4259,4199)
(3297,3522)
(1895,166)
(3753,1358)
(1140,4434)
(2859,3067)
(0,4690)
(3250,1905)
(3160,3409)
(2213,862)
(2891,2726)
(5000,3500)
(4649,2519)
(2628,3026)
(4238,4382)
(2818,4584)
(237,4229)
(4046,3394)
(4856,4431)
(31,2848)
(2485,2839)
(1174,3213)
(4209,540)
(2605,4597)
(5000,3742)
(4899,4370)
(603,3131)
(1577,2290)
(1497,1772)
(3584,1740)
(3637,1603)
(823,3935)
(4018,3695)
(2444,1767)
(3278,3656)
(3423,2438)
(2441,422)
(2431,2858)
(4009,320)
(1411,550)
(1059,3774)
(622,3773)
(3645,2258)
(3415,4950)
(839,4939)
(4256,1365)
(2251,1880)
(3333,3605)
(2662,3400)
(2840,1457)
(2141,1419)
(1513,1850)
(2650,1067)
(2646,1591)
(557,3913)
(3357,2097)
(2309,2171)
(3236,1807)
(2202,3765)
(1851,2030)
(2746,3111)
(1235,2966)
(1845,1663)
(288,1402)
(2707,2890)
(544,3048)
(3226,3455)
(474,3218)
(2652,4388)
(2695,4987)
(2121,2133)
(3956,4095)
(1965,1327)
(309,4211)
(859,4614)
(3051,2124)
(1747,2043)
(1218,3914)
(2068,2098)
(3986,4095)
(4182,3741)
(2299,1738)
(1211,1925)
(681,4325)
(3577,1308)
(859,2641)
(2361,751)
(2411,114)
(1583,1689)
(148,2549)
(3871,479)
(4753,3570)
(1466,4258)
(2128,176)
(3353,489)
(2812,3023)
(3720,3400)
(3591,546)
(3570,1655)
(3460,1783)
(5000,3568)
(1871,3610)
(3354,3464)
(4170,3986)
(1133,4583)
(723,4685)
(1964,310)
(30,4492)
(1753,3510)
(2448,4560)
(2568,690)
(491,4069)
(0,5000)
(4463,488)
(3938,603)
(3949,1664)
(200,2321)
(764,3117)
(0,3953)
(973,2473)
(3074,1208)
(1305,2946)
(3736,3542)
(3987,909)
(3424,4704)
(1205,2715)
(2702,518)
(180,4944)
(1023,4172)
(523,3031)
(1927,2592)
(4356,4805)
(2298,2239)
(4593,22)
(3121,1525)
(1692,3368)
(3158,1821)
(3574,1736)
(4580,2419)
(4112,4300)
(213,4195)
(669,2223)
(2743,2747)
(2237,1892)
(1590,1492)
(1576,3543)
(3365,1225)
(307,3914)
(4816,1504)
(760,3896)
(2646,491)
(3127,764)
(4992,3652)
(3302,1290)
(3422,2109)
(610,4073)
(4643,1963)
(2544,3597)
(4032,1809)
(615,3922)
(1893,2324)
(201,2104)
(4134,3025)
(651,2798)
(1081,3614)
(1480,3848)
(456,3525)
(1796,1610)
(1779,1377)
(4933,1099)
(4975,3725)
(773,3848)
(2208,4937)
(1196,3392)
(3114,3174)
(1455,4326)
(3373,2122)
(936,3209)
(3381,1717)
(1743,4729)
(1122,2167)
(3544,3401)
(2866,2025)
(4080,3906)
(3889,4338)
(1539,1637)
(935,2691)
(1246,4044)
(584,2878)
(3218,2305)
(4360,4081)
(1788,4448)
(4917,3625)
(627,3864)
(2862,2791)
(3392,3545)
(2039,539)
(385,3018)
(2368,3195)
(3407,3530)
(3470,3586)
(633,3305)
(2171,1863)
(3568,1677)
(308,4124)
(4279,4105)
(5000,3636)
(2615,941)
(969,3991)
(4689,2404)
(1274,3809)
(2772,1985)
(3174,1736)
(383,4540)
(195,2503)
(4293,3757)
(3622,1337)
(191,3552)
(4055,3821)
(4863,3994)
(3531,2094)
(1762,1654)
(3662,1796)
(931,2665)
(2429,3056)
(3432,2273)
(1485,972)
(2566,28)
(2479,1308)
(648,1939)
(639,2385)
(1934,4632)
(2938,2007)
(2250,1835)
(670,4034)
(3226,3578)
(3126,2408)
(3742,462)
(2805,552)
(3419,2172)
(4028,4202)
(2794,2874)
(2093,1743)
(2815,4394)
(559,4324)
(93,616)
(2226,4753)
(3002,2005)
(445,546)
(441,3285)
(4137,4495)
(2729,3014)
(3861,4331)
(832,3291)
(844,1581)
(404,1834)
(3824,3402)
(3299,3517)
(2134,1794)
(1069,2867)
(2817,4416)
(3889,3467)
(1938,3316)
(4747,3498)
(2030,2087)
(5000,3449)
(369,2900)
(2614,3306)
(3087,749)
(700,3414)
(3133,3605)
(2813,2203)
(2672,1675)
(2357,122)
(3100,2381)
(928,2719)
(2216,348)
(4244,3937)
(3328,1198)
(3308,3471)
(2196,3035)
(3323,2022)
(2029,643)
(1476,3877)
(3994,4068)
(4988,3694)
(4028,1437)
(846,3831)
(1450,562)
(2785,518)
(4046,1491)
(33,2267)
(1772,3996)
(2665,2816)
(2079,477)
(1633,4103)
(4308,4056)
(2104,3459)
(3417,3619)
(4147,4404)
(2733,1940)
(3085,1574)
(3811,4189)
(1390,1608)
(3483,3835)
(635,3890)
(3203,519)
(759,4599)
(1996,1768)
(3207,3378)
(2001,1846)
(5000,3946)
(2018,3247)
(115,4793)
(3313,1818)
(3818,4434)
(3276,1936)
(3139,655)
(4347,4182)
(2313,778)
(1332,862)
(1987,1022)
(438,4786)
(2404,3296)
(0,4560)
(677,1806)
(136,4340)
(2940,2000)
(3600,60)
(3277,538)
(4088,2214)
(3145,3802)
(3042,1314)
(2321,3540)
(3530,4286)
(320,2942)
(1342,4387)
(321,3581)
(966,3053)
(3331,3524)
(2273,695)
(562,3643)
(1439,2455)
(4823,4366)
(279,3062)
(984,4275)
(5000,3504)
(1851,1645)
(0,4815)
(2594,413)
(1081,4100)
(5000,3625)
(3076,2079)
(4176,3858)
(1051,2881)
(3738,1417)
(4354,1649)
(378,1849)
(4858,3397)
(2769,3541)
(2435,2204)
(4685,2688)
(2195,2222)
(598,4481)
(3225,3491)
(1067,3239)
(4892,3166)
(1111,3282)
(3150,3317)
(2551,285)
(3094,1207)
(115,4714)
(4108,1485)
(3485,2260)
(629,505)
(708,798)
(2313,349)
(4541,2535)
(2132,3455)
(3388,2098)
(4784,4629)
(1522,1432)
(4791,3356)
(3268,168)
(3850,2250)
(4208,497)
(4867,1136)
(2392,1931)
(3106,520)
(2438,3804)
(1180,3250)
(1369,3940)
(2574,3520)
(2718,2747)
(4210,849)
(2017,2821)
(606,3257)
(3331,1819)
(2387,1721)
(2964,1244)
(4170,1278)
(4457,4489)
(952,3786)
(3925,464)
(2543,3402)
(3028,4383)
(4222,916)
(1687,2663)
(3347,1884)
(2125,4057)
(981,3440)
(3166,1580)
(4887,3669)
(4120,4207)
(2403,510)
(3664,1712)
(4135,1297)
(3207,3688)
(3902,4213)
(3208,2075)
(4782,4528)
(3842,937)
(1463,3685)
(3634,1136)
(3760,494)
(464,2345)
(309,4457)
(2755,4358)
(4895,998)
(3907,3109)
(4156,3813)
(2865,1722)
(4622,1290)
(2042,2328)
(383,4234)
(4712,3169)
(2555,3078)
(4124,4167)
(1543,3812)
(4912,3459)
(4025,3636)
(3903,263)
(3080,2145)
(3180,1854)
(275,2607)
(1653,3162)
(3504,3412)
(149,4188)
(56,3960)
(4270,959)
(3417,2440)
(3236,3597)
(1914,2119)
(2882,4533)
(263,3886)
(2318,3902)
(4990,3621)
(3143,3490)
(1594,2006)
(3973,4361)
(3142,528)
(2792,2630)
(3375,470)
(1889,3765)
(2856,3325)
(2212,2994)
(2619,874)
(3214,2215)
(657,2217)
(1637,3702)
(2855,2282)
(3990,1389)
(2541,136)
(3380,4089)
(2476,2407)
(0,4320)
(1316,1782)
(1605,3834)
(4550,450)
(3065,1755)
(1970,1488)
(1057,4416)
(4390,1400)
(4308,1038)
(3392,2234)
(2536,34)
(4922,3597)
(3402,1646)
(4400,2734)
(0,4562)
(2188,1953)
(610,3030)
(1759,3496)
(2651,3525)
(2219,3602)
(3466,476)
(4956,3487)
(3307,1880)
(3789,1883)
(4991,3710)
(2921,1844)
(546,3809)
(495,4517)
(1016,3694)
(2766,1677)
(2858,2663)
(3304,3652)
(2332,1277)
(3754,892)
(4436,2646)
(712,3296)
(897,4510)
(3281,793)
(4754,2174)
(4750,712)
(2780,1036)
(1453,2927)
(281,979)
(3129,2092)
(3647,1789)
(1306,2355)
(3291,1373)
(1645,3218)
(2119,364)
(1349,3866)
(1407,3053)
(2816,706)
(3243,1453)
(2616,537)
(4634,1718)
(3233,2162)
(4347,3876)
(2621,588)
(3867,2192)
(723,2892)
(4023,4129)
(2127,4402)
(3565,3022)
(941,4017)
(1930,1084)
(1322,2662)
(4333,1847)
(3173,3437)
(4952,2121)
(3645,1446)
(3471,3508)
(1065,2255)
(4260,4230)
(879,3031)
(1531,2957)
(2413,2113)
(2743,3745)
(1583,2595)
(645,4261)
(1135,3896)
(4151,2193)
(2526,4390)
(2361,381)
(994,3893)
(279,649)
(5000,1091)
(3174,2103)
(2673,360)
(2081,4649)
(267,2746)
(2631,134)
(2147,1482)
(2407,389)
(4471,454)
(4314,4183)
(2893,2763)
(4551,3601)
(884,2570)
(3290,1352)
(939,3674)
(1913,2190)
(3727,3046)
(5000,3319)
(3196,1609)
(4816,1926)
(4877,3370)
(1274,109)
(23,3530)
(1926,1755)
(3324,3457)
(449,3638)
(2837,3598)
(3186,1537)
(2755,267)
(1182,3674)
(1299,1226)
(1510,3624)
(540,2894)
(1414,3687)
(2115,1748)
(2944,3064)
(2000,4427)
(3588,2311)
(4551,3856)
(2156,4674)
(5000,3682)
(2644,678)
(3561,2070)
(3339,1728)
(5000,3803)
(1460,4045)
(3409,3140)
(2401,1566)
(3287,1430)
(2504,1987)
(2959,810)
(4029,3235)
(3222,3435)
(456,3034)
(1094,1830)
(2054,3858)
(457,2441)
(2358,2808)
(1141,858)
(2782,2052)
(3236,1505)
(1763,4059)
(3463,2450)
(711,2213)
(2908,3625)
(3141,1618)
(3270,3425)
(4564,2589)
(3399,3431)
(3590,518)
(265,2634)
(4340,4133)
(1747,3246)
(658,4551)
(1650,1364)
(717,3145)
(4559,501)
(2806,4206)
(452,2581)
(4708,4946)
(3902,4028)
(326,3381)
(1683,2830)
(3271,1946)
(935,3381)
(1423,4596)
(3020,1317)
(4606,855)
(1426,3847)
(3541,1928)
(3837,529)
(3272,491)
(2112,2081)
(3108,1780)
(2728,98)
(4792,3610)
(2484,3121)
(3530,2183)
(352,4578)
(3015,542)
(933,3806)
(0,3867)
(2165,1274)
(1526,3273)
(2458,1792)
(1967,1969)
(45,3236)
(5000,3616)
(544,2425)
(651,3985)
(3304,3425)
(4033,3800)
(301,3872)
(2145,1453)
(3283,3753)
(5000,3508)
(2618,101)
(3213,3428)
(4880,3857)
(365,1268)
(867,2418)
(3690,2535)
(0,4001)
(4733,3514)
(1095,969)
(3519,1606)
(3877,1085)
(3813,1595)
(375,4063)
(2802,1736)
(4254,4455)
(3970,495)
(2311,186)
(5000,3750)
(2711,3274)
(3261,3418)
(3290,1904)
(2149,3921)
(2754,2045)
(4314,3809)
(2554,708)
(1019,2421)
(485,2716)
(2584,2802)
(3019,744)
(4263,4517)
(190,4259)
(381,1575)
(432,3792)
(2610,3205)
(1024,2620)
(681,3944)
(0,4377)
(3687,2613)
(373,2636)
(4116,4187)
(4402,1023)
(1248,3775)
(3397,3453)
(2903,4086)
(1576,3725)
(3360,3507)
(1025,4376)
(4104,4190)
(454,2574)
(2157,2431)
(2454,2129)
(2302,4246)
(1474,1620)
(4116,1167)
(4697,2381)
(3771,1398)
(3964,1298)
(3207,538)
(1749,3666)
(3697,3290)
(3132,3518)
(3935,1361)
(5000,3671)
(1712,1505)
(4371,4143)
(3943,3467)
(31,4295)
(2852,3585)
(5000,3563)
(3821,1353)
(1688,1942)
(2654,2967)
(3352,3534)
(4713,2459)
(4036,4166)
(3967,4332)
(3160,560)
(1988,2325)
(3066,1864)
(3399,2010)
(1931,2464)
(3796,1188)
(2071,0)
(8,3543)
(4583,484)
(2230,1750)
(2818,4889)
(1713,1194)
(1437,4036)
(1946,3913)
(230,4531)
(2841,1988)
(2166,4559)
(3197,3609)
(2504,4554)
(1888,4093)
(2694,4836)
(888,2787)
(958,3489)
(2154,2118)
(2682,251)
(323,2749)
(1250,3368)
(1196,1856)
(2667,653)
(3513,3562)
(2759,3625)
(892,2613)
(4450,2196)
(693,2669)
(4892,3709)
(1432,3008)
(3714,3444)
(376,2854)
(2860,307)
(5000,3363)
(2252,2602)
(3403,1983)
(3821,1742)
(2737,1075)
(3726,1589)
(1258,3097)
(2963,4047)
(1884,792)
(724,4331)
(3506,1707)
(1594,3433)
(4553,176)
(0,3748)
(475,2809)
(4702,3948)
(3447,3463)
(1454,3803)
(3480,2593)
(1635,3326)
(3396,1138)
(3112,1379)
(3141,2117)
(3547,3522)
(2738,2895)
(3104,2198)
(3436,1476)
(3439,727)
(1681,4317)
(58,3177)
(4561,2524)
(16,1490)
(694,385)
(0,4111)
(3338,3425)
(2340,3091)
(2610,2723)
(605,3467)
(2258,1746)
(948,3806)
(3506,4406)
(2796,3492)
(2500,461)
(1058,3119)
(3341,1831)
(2582,530)
(4030,4039)
(4438,831)
(2459,581)
(4458,1483)
(3809,3289)
(841,2259)
(1479,4236)
(2719,4305)
(4398,4034)
(3623,2725)
(3913,3238)
(1239,2655)
(425,1913)
(4982,3681)
(1503,2701)
(256,414)
(3296,3269)
(1811,373)
(450,2616)
(1900,4737)
(3263,2045)
(1425,3949)
(4190,3896)
(753,1570)
(1947,274)
(3316,3490)
(2707,1948)
(2620,488)
(572,2848)
(2843,8)
(4434,1610)
(3097,1581)
(1713,4658)
(376,2680)
(1783,1950)
(3054,1130)
(2496,839)
(2320,88)
(326,3438)
(4185,4181)
(3340,2103)
(1616,2897)
(3209,3340)
(3439,3573)
(4839,1672)
(408,1935)
(349,2294)
(2606,3986)
(2977,2172)
(2342,1661)
(1488,3735)
(3997,1743)
(282,3637)
(378,3870)
(4318,1798)
(1116,2816)
(3458,2108)
(2505,2190)
(1813,4592)
(371,2820)
(3610,3818)
(2402,3903)
(3303,369)
(846,2295)
(2077,3325)
(2581,909)
(1297,4382)
(1183,4280)
(3139,4583)
(917,3114)
(3130,1501)
(3816,1011)
(406,2494)
(4146,4040)
(3657,3354)
(1606,1767)
(1762,294)
(475,3240)
(1726,3754)
(3611,1373)
(2077,1473)
(2247,4136)
(4726,3689)
(1672,3410)
(1281,3754)
(3447,4833)
(654,2609)
(2801,4658)
(3372,3198)
(3833,1607)
(2768,4252)
(3531,747)
(2668,1281)
(4598,363)
(3250,2575)
(3296,1459)
(3811,2090)
(2823,0)
(3275,3507)
(3423,1456)
(3419,1980)
(4387,2142)
(3284,1526)
(1062,57)
(2617,4446)
(2147,1299)
(2193,1940)
(1121,3791)
(3135,2049)
(1870,617)
(4068,2897)
(2507,2894)
(4096,1683)
(3127,1821)
(306,2652)
(3262,3564)
(4697,2438)
(1204,2984)
(0,3750)
(1687,859)
(2291,3777)
(556,2921)
(4904,4084)
(1344,1459)
(745,2591)
(292,4043)
(3905,2330)
(1018,2457)
(1551,2920)
(5000,3728)
(3209,3529)
(3181,2420)
(2585,3069)
(3232,3405)
(557,2597)
(4214,4145)
(2846,565)
(3298,3355)
(3736,4749)
(2666,2849)
(2281,3681)
(756,3867)
(4777,3440)
(2880,1502)
(3039,3481)
(0,4234)
(3054,1803)
(3411,2077)
(4796,3574)
(3392,1798)
(4436,3002)
(1829,1463)
(1525,4169)
(3326,2383)
(2784,3268)
(571,3834)
(2551,4723)
(4268,543)
(2846,1867)
(827,2713)
(2439,3206)
(4378,1317)
(3738,499)
(1857,3753)
(3603,1213)
(4758,3416)
(726,3196)
(4663,146)
(4322,4054)
(741,2272)
(0,4489)
(2949,2759)
(687,4143)
(2860,243)
(487,3560)
(3238,3801)
(807,2747)
(2350,2881)
(3454,2150)
(4675,506)
(9,3383)
(0,3563)
(2162,1719)
(739,3902)
(2306,680)
(4318,1787)
(2465,2659)
(1651,3903)
(1499,4529)
(3140,3508)
(2849,555)
(1166,3686)
(1066,2058)
(2146,4353)
(3285,2182)
(1067,3865)
(3765,540)
(394,4230)
(4196,992)
(1649,3668)
(4959,3903)
(4403,3685)
(5000,3675)
(3112,3543)
(4445,4850)
(1088,2059)
(3817,1117)
(1857,3324)
(4389,525)
(4874,2260)
(1006,3683)
(4537,2638)
(1921,4248)
(3428,2473)
(2690,3298)
(1810,4151)
(1803,994)
(3573,2302)
(452,3016)
(4103,3056)
(1164,2993)
(4770,1240)
(0,4060)
(3319,3361)
(3780,4473)
(2170,1811)
(2650,3202)
(2366,3443)
(1010,2647)
(3221,3957)
(283,2547)
(111,4012)
(4104,3752)
(2359,1454)
(3097,3369)
(1643,3987)
(2746,3031)
(3370,1434)
(262,4302)
(4183,3937)
(649,2496)
(4143,2818)
(4112,1024)
(1751,4873)
(1823,1716)
(176,4420)
(1967,189)
(4001,1314)
(3920,1325)
(4493,2944)
(0,4544)
(3300,3566)
(3735,1279)
(3271,1818)
(2454,2993)
(758,3031)
(2157,2248)
(4206,2971)
(2039,3653)
(3290,3)
(2489,4384)
(2682,3530)
(987,1807)
(1841,2133)
(3262,3324)
(2017,4281)
(2386,2835)
(2759,1656)
(2221,4461)
(3511,2163)
(717,3272)
(2114,1100)
(3960,3975)
(1246,2044)
(2615,2779)
(2351,491)
(3631,3921)
(930,3272)
(3333,2049)
(2076,3181)
(2660,4400)
(3064,548)
(2581,3289)
(3422,1424)
(1892,3481)
(2205,1726)
(1400,4739)
(2905,151)
(3653,539)
(242,1420)
(2552,4170)
(410,2953)
(4240,4163)
(1483,1862)
(5000,3622)
(1803,3035)
(889,3109)
(3805,1468)
(4276,1053)
(3359,1381)
(4398,521)
(4346,4037)
(1131,3810)
(2803,2331)
(3890,4400)
(3305,3481)
(884,2886)
(4519,3147)
(3185,2369)
(1113,3877)
(4007,491)
(4148,1433)
(2113,4486)
(4319,497)
(4134,2932)
(2837,1807)
(2787,0)
(2415,4558)
(4588,658)
(2929,2793)
(1494,3690)
(4141,3995)
(1376,3819)
(4824,3759)
(2494,2986)
(2488,2683)
(2692,2449)
(1021,100)
(633,3896)
(3036,3198)
(4305,2763)
(2471,2342)
(3078,576)
(4446,443)
(3835,518)
(2159,306)
(3430,469)
(3693,1337)
(2946,127)
(2029,4333)
(2287,4628)
(4439,4052)
(2306,3823)
(3265,3677)
(4191,3842)
(2179,2183)
(2716,4108)
(308,3681)
(1440,4998)
(3043,1470)
(1455,1105)
(3560,942)
(3147,3513)
(603,3979)
(2860,2931)
(2521,3236)
(914,3612)
(3283,3559)
(3978,4084)
(2675,2885)
(3308,3323)
(2164,454)
(2100,964)
(1016,2576)
(3264,4448)
(3974,4086)
(4452,449)
(2652,659)
(78,1017)
(1257,4072)
(1073,3497)
(4774,1631)
(3717,3383)
(909,127)
(1015,2738)
(499,2178)
(3571,3036)
(3390,1941)
(4541,1285)
(0,3928)
(3324,3573)
(0,4867)
(4493,463)
(5000,1691)
(3842,1176)
(5000,3677)
(2679,509)
(3329,1557)
(3163,1790)
(587,318)
(3147,1553)
(3544,2421)
(4995,3720)
(2254,1686)
(3001,1849)
(3926,1641)
(2766,4197)
(2693,2901)
(0,4291)
(1414,4045)
(758,2657)
(2105,3899)
(2826,3430)
(3755,1907)
(3132,504)
(4244,4057)
(2865,2082)
(2565,1524)
(1298,4220)
(1005,2655)
(4181,4122)
(2894,1736)
(3033,1750)
(4619,2520)
(3129,3444)
(999,3779)
(3184,3151)
(3710,457)
(2730,2917)
(926,3422)
(252,4380)
(615,2742)
(3061,2384)
(3062,3511)
(4980,3522)
(1159,3485)
(3302,3385)
(1903,1724)
(3202,1986)
(4222,847)
(4055,3888)
(4174,1099)
(4023,4313)
(0,4438)
(2076,605)
(3055,1643)
(3872,3851)
(3228,3557)
(3047,4448)
(3002,2985)
(4233,4015)
(3230,3337)
(4955,2953)
(4251,3776)
(4291,4077)
(82,777)
(2201,3996)
(85,2014)
(248,3698)
(3541,2044)
(2879,4059)
(360,3121)
(4887,3734)
(3524,535)
(3773,1239)
(4461,2579)
(603,3000)
(3169,3461)
(3380,3415)
(4701,3436)
(3264,3469)
(2503,338)
(4700,996)
(383,3118)
(4140,4042)
(1861,4254)
(510,3573)
(1076,1998)
(3428,1483)
(3519,3587)
(2376,4067)
(3515,1896)
(4982,3432)
(3463,3426)
(4054,4096)
(3518,2315)
(3340,3477)
(3219,3416)
(2908,3554)
(3031,1904)
(2919,2666)
(3413,3955)
(1231,1885)
(520,2547)
(788,3530)
(5000,3866)
(4714,3509)
(3489,1735)
(3202,1907)
(2300,1052)
(4760,3332)
(513,3712)
(487,2491)
(2500,588)
(3170,3537)
(3810,2665)
(3295,270)
(1399,4744)
(3332,3306)
(3196,3674)
(450,3777)
(2619,3141)
(3275,3445)
(931,2774)
(4778,2231)
(2678,193)
(15,4909)
(2883,4503)
(1587,4283)
(2700,2059)
(2125,1828)
(2621,719)
(3057,1515)
(266,1350)
(3612,3494)
(3008,2296)
(599,1230)
(3436,3497)
(4346,1503)
(1675,437)
(3830,1852)
(1287,3738)
(3339,3685)
(2262,2075)
(4285,3829)
(4166,4137)
(3275,1714)
(4830,919)
(2528,1147)
(3363,1948)
(2490,4009)
(694,1251)
(0,3809)
(2223,4419)
(2388,1783)
(2441,3595)
(1657,517)
(1902,1516)
(901,2345)
(2775,2838)
(2481,1085)
(796,3756)
(2642,1676)
(5000,3679)
(434,3754)
(573,2371)
(1439,4737)
(4237,4043)
(2855,1797)
(2896,337)
(2662,4371)
(959,3467)
(3536,2131)
(907,2782)
(5000,3921)
(4821,3690)
(91,3428)
(2379,3)
(402,1334)
(3194,3599)
(4427,3507)
(1700,1637)
(1672,3753)
(963,3293)
(3150,3492)
(4342,2645)
(3861,1783)
(4943,3508)
(3984,4105)
(3808,3879)
(1683,2343)
(2242,2041)
(98,3673)
(2720,1814)
(1459,2598)
(705,2890)
(3422,1857)
(1804,1815)
(4076,4044)
(3202,1036)
(2970,1467)
(2722,1631)
(3241,2196)
(3183,528)
(3875,792)
(1072,2310)
(3249,3484)
(1817,3632)
(1728,2062)
(4918,724)
(2049,1888)
(4136,2903)
(3160,1870)
(690,2514)
(1462,1310)
(3690,2035)
(1628,2245)
(1964,1965)
(709,3961)
(2963,1935)
(2951,649)
(4647,1550)
(1799,1834)
(3296,3572)
(313,2914)
(3917,3367)
(4094,3966)
(4076,1145)
(1115,3309)
(5000,3479)
(3560,1817)
(3315,0)
(842,2625)
(3003,2394)
(2293,3695)
(3821,811)
(2754,377)
(3214,1530)
(3428,1230)
(2769,3516)
(2996,2246)
(5000,3492)
(3703,3276)
(2643,1835)
(2870,794)
(1041,2703)
(5000,3613)
(1501,2166)
(1488,2870)
(443,246)
(3027,2067)
(1537,3028)
(0,4106)
(0,3877)
(4163,4028)
(2152,527)
(5000,3855)
(4012,3980)
(4810,3731)
(2451,2028)
(3194,3533)
(4116,1593)
(2858,4072)
(292,2305)
(1828,1756)
(4454,4217)
(4323,1253)
(749,3833)
(2422,4013)
(1873,2522)
(756,3994)
(1148,3286)
(4293,485)
(1899,710)
(2192,703)
(328,4082)
(1351,4409)
(876,3887)
(3441,1265)
(705,4005)
(2780,1519)
(3974,1499)
(3948,2264)
(3261,3549)
(4245,1962)
(4275,4056)
(3464,4780)
(2426,3098)
(938,2671)
(2672,121)
(487,4721)
(5000,3413)
(2460,1406)
(988,398)
(991,1635)
(2546,1823)
(4363,1028)
(3217,1762)
(3334,2283)
(755,2563)
(4263,2783)
(3160,2167)
(3309,3687)
(2978,1638)
(4855,3826)
(166,1121)
(2804,1192)
(1657,4707)
(998,870)
(4131,1930)
(2370,1610)
(2218,1482)
(1420,4885)
(835,3966)
(3418,1886)
(3280,3349)
(1462,3956)
(1847,3797)
(3213,3480)
(657,2889)
(2883,572)
(4056,1661)
(4220,537)
(2490,2977)
(2736,0)
(190,4298)
(5000,3802)
(2596,2851)
(3284,2205)
(1069,2173)
(3265,3360)
(3537,1604)
(2988,3311)
(2804,521)
(0,4295)
(2734,691)
(1230,3703)
(3506,3422)
(2958,3553)
(4034,545)
(2838,3902)
(577,3259)
(2037,3624)
(4213,4159)
(76,3916)
(3078,1561)
(1431,2767)
(340,4191)
(1556,3701)
(2335,3439)
(1241,162)
(3678,509)
(1592,2082)
(237,4894)
(0,4658)
(3254,3564)
(3138,1403)
(2202,3933)
(4772,1655)
(109,4601)
(379,4196)
(4143,4113)
(655,344)
(3179,2114)
(2607,4103)
(0,4550)
(4623,256)
(2436,1023)
(4053,4075)
(78,3157)
(2237,3294)
(3351,3510)
(634,113)
(1423,273)
(3496,1124)
(3092,1714)
(4279,1735)
(2286,3536)
(4662,2439)
(2649,4527)
(2778,2951)
(4055,2148)
(876,2103)
(3517,486)
(3575,1925)
(3248,3745)
(272,124)
(4857,3711)
(3026,4571)
(581,879)
(2699,3422)
(935,3851)
(4756,2316)
(2946,1838)
(4988,3605)
(3170,1997)
(164,4647)
(0,3987)
(3128,2754)
(2899,4651)
(4527,2614)
(3278,483)
(2779,5000)
(0,2940)
(3469,1771)
(1731,4845)
(3620,3401)
(4888,2327)
(4659,289)
(1575,3551)
(2084,1442)
(1540,4496)
(4322,640)
(684,2525)
(1232,3562)
(3546,1358)
(3485,2021)
(4151,4033)
(4096,3343)
(3827,674)
(3193,802)
(617,791)
(289,696)
(1383,3707)
(182,2556)
(610,3757)
(715,3019)
(2368,1564)
(1050,3009)
(3362,3361)
(3180,1334)
(4045,4293)
(1838,3627)
(3307,1560)
(652,3242)
(315,2388)
(913,802)
(2296,3687)
(2476,4557)
(2789,816)
(672,3830)
(1998,1714)
(3593,2038)
(3061,2443)
(477,2342)
(3269,3375)
(4852,427)
(2338,3805)
(1556,1783)
(3997,1606)
(3594,3845)
(2866,3106)
(219,4383)
(3075,2462)
(1366,3766)
(1536,3652)
(1316,4174)
(1713,575)
(3122,480)
(1132,4996)
(2299,672)
(4174,1508)
(3995,4017)
(2676,2056)
(3899,522)
(877,2676)
(2033,2364)
(622,2386)
(2370,444)
(3999,4028)
(2065,2023)
(0,4739)
(2622,665)
(4194,941)
(2653,4300)
(1037,2641)
(2020,3835)
(1063,3273)
(478,2354)
(3573,1947)
(1635,237)
(2975,500)
(1044,4199)
(2743,2365)
(3932,1183)
(14,5000)
(3202,1603)
(1877,2106)
(2859,1614)
(4872,2680)
(2548,3415)
(3350,1622)
(2489,1559)
(3480,2900)
(3386,3467)
(4095,3698)
(1555,3344)
(2085,4327)
(3768,1088)
(2816,3085)
(1761,3449)
(3189,1381)
(4104,2700)
(3304,1856)
(1382,2406)
(1536,2055)
(3430,1214)
(4011,4872)
(3333,1776)
(4310,3973)
(3393,3547)
(3280,3606)
(2294,3575)
(3915,855)
(3319,1504)
(726,1260)
(1402,4283)
(4093,4281)
(4707,3915)
(1833,305)
(1900,3513)
(4333,735)
(520,2848)
(1884,536)
(621,685)
(375,1447)
(1507,4750)
(3346,4202)
(3891,4002)
(3140,3545)
(351,43)
(1206,557)
(4167,4351)
(2804,3101)
(2955,3499)
(3311,2151)
(3047,3502)
(1830,4063)
(1654,316)
(3312,925)
(2916,4860)
(2830,363)
(2303,1785)
(4674,344)
(2335,771)
(3817,3369)
(3488,1652)
(4419,2390)
(3605,1648)
(5000,3604)
(4521,3606)
(2408,3356)
(1360,2447)
(1907,2027)
(2865,3982)
(442,2752)
(213,2929)
(2775,3005)
(3127,2181)
(3340,3457)
(835,2868)
(3448,1714)
(4944,3722)
(3514,3465)
(1210,3913)
(1249,2858)
(4017,1053)
(3036,1891)
(3734,4148)
(1394,3212)
(826,1937)
(2906,3996)
(4776,2273)
(1261,882)
(4411,1357)
(3031,500)
(3793,4233)
(188,4575)
(2363,41)
(3595,2528)
(3128,1601)
(4370,2524)
(2921,3486)
(321,2889)
(4927,3381)
(1888,1919)
(1623,2402)
(3680,1030)
(3277,2074)
(394,2320)
(2023,2228)
(0,4352)
(4247,481)
(191,2607)
(1465,3519)
(1248,3750)
(1532,1065)
(672,3590)
(4116,4054)
(1125,3535)
(2885,4192)
(4987,3758)
(364,2161)
(0,4365)
(4179,4874)
(2703,1532)
(4887,3419)
(5000,3296)
(3343,3326)
(1713,1732)
(3623,1919)
(2740,1572)
(3916,4127)
(4649,3483)
(160,4330)
(1589,915)
(4885,4928)
(3900,857)
(4667,4705)
(1981,2607)
(4021,4301)
(4191,3958)
(2883,2644)
(4332,1453)
(131,4164)
(4764,2544)
(625,2686)
(2695,2071)
(3796,4075)
(2204,2248)
(3484,4217)
(1892,1195)
(851,3443)
(276,3212)
(3366,1458)
(3113,783)
(705,3325)
(2719,2815)
(3894,530)
(4000,3437)
(643,3800)
(845,2702)
(3019,424)
(4600,813)
(522,2463)
(2532,3194)
(279,4398)
(1081,4268)
(554,3290)
(3563,1840)
(4460,1341)
(1400,2937)
(2255,1502)
(0,4057)
(2899,520)
(3291,1310)
(2157,2098)
(3516,1657)
(2678,3261)
(2987,4016)
(2577,1903)
(261,5000)
(4941,3455)
(5000,4035)
(2991,1627)
(549,4356)
(3688,2235)
(2279,1054)
(4999,4722)
(835,4346)
(4128,1194)
(4046,4050)
(3774,3362)
(2834,0)
(602,2539)
(3382,1791)
(2408,1814)
(159,922)
(3415,2089)
(1708,312)
(762,1336)
(2590,1831)
(2896,4089)
(3252,2970)
(321,2273)
(2666,2580)
(2110,2133)
(2815,1168)
(3608,804)
(908,2972)
(827,4067)
(913,3087)
(1501,2025)
(2194,3938)
(2024,265)
(3117,3805)
(89,3929)
(8,69)
(3246,1596)
(2353,561)
(3414,3395)
(2421,2947)
(2190,5000)
(3012,3351)
(3246,549)
(1261,750)
(3530,1247)
(369,1071)
(443,1057)
(2683,3068)
(1841,2493)
(2383,561)
(0,4099)
(1349,3724)
(2609,500)
(4116,1694)
(2013,4118)
(407,4638)
(3973,4274)
(3054,1789)
(3820,770)
(413,4574)
(4219,1189)
(459,2411)
(839,3864)
(3420,2004)
(4125,1527)
(833,4049)
(406,3716)
(3515,2012)
(3378,3175)
(4223,1015)
(1633,3092)
(4299,1010)
(4197,3214)
(3111,1784)
(2087,1986)
(1691,3972)
(1839,1884)
(3398,1319)
(3730,1792)
(976,2943)
(4962,3690)
(1402,4219)
(2849,2393)
(4294,3941)
(3827,1028)
(4095,3997)
(3093,1972)
(4089,3428)
(4173,389)
(3434,3433)
(3062,3561)
(3082,2264)
(4210,4105)
(4067,4056)
(4361,4008)
(3886,1500)
(2516,540)
(4895,3649)
(4581,3459)
(1618,2773)
(3526,2096)
(122,3165)
(4912,31)
(2292,1936)
(4559,3821)
(1363,1621)
(284,167)
(2966,308)
(3729,1270)
(2972,4031)
(2741,1129)
(2599,3934)
(2039,4765)
(4389,498)
(1557,2547)
(232,3804)
(2948,3795)
(1846,1603)
(4615,2423)
(3144,1411)
(1277,2614)
(3412,3377)
(2958,2941)
(4001,3957)
(3823,3096)
(1896,269)
(889,4316)
(2867,4112)
(2478,2610)
(3159,2005)
(1376,3616)
(1754,795)
(1387,3253)
(3257,1301)
(4320,2747)
(2569,3078)
(4026,3963)
(1,2433)
(3567,2365)
(3056,2829)
(2379,106)
(510,2468)
(2442,2377)
(4990,4770)
(3108,1972)
(790,2485)
(186,3539)
(4610,3731)
(4682,1355)
(2799,1567)
(3437,1595)
(1205,1653)
(2493,1497)
(1467,4282)
(2518,2264)
(3591,2183)
(1779,3093)
(1430,2939)
(2709,2963)
(2882,676)
(3018,1503)
(4126,4449)
(4999,3785)
(3937,4927)
(3519,2953)
(3305,1681)
(4592,657)
(4397,3865)
(549,3432)
(4202,1266)
(4709,4746)
(751,5000)
(1372,3361)
(4245,855)
(3275,3737)
(4333,2136)
(2437,2409)
(2741,3049)
(3680,524)
(2625,2874)
(481,3274)
(1785,3651)
(0,4664)
(417,4952)
(3870,1035)
(3235,524)
(5000,3474)
(602,3951)
(3529,513)
(2856,3911)
(3243,2105)
(2372,600)
(2721,1471)
(257,3916)
(3882,1274)
(3371,4505)
(1536,3711)
(3137,3520)
(5000,3595)
(4076,3247)
(1474,3772)
(2394,2954)
(3968,415)
(4367,686)
(1899,2423)
(1539,1622)
(140,4162)
(2772,547)
(2441,3645)
(3279,3761)
(3528,530)
(1169,3782)
(3262,3794)
(3431,1122)
(1758,619)
(3352,3458)
(1528,1096)
(5000,3608)
(4045,1695)
(3200,1603)
(1455,3735)
(1880,2975)
(966,1063)
(3802,890)
(4218,2791)
(3590,3222)
(4142,3964)
(460,1642)
(2693,496)
(4680,2556)
(1342,2747)
(2006,3730)
(3956,1478)
(1063,2285)
(3861,1591)
(3026,268)
(1255,3165)
(914,2872)
(3095,3751)
(890,3912)
(4202,4220)
(4155,3916)
(2971,4358)
(491,150)
(1308,4573)
(2353,0)
(3550,2237)
(2449,233)
(452,1326)
(2136,1170)
(688,2542)
(3444,1666)
(648,3897)
(4311,1022)
(1416,1231)
(2813,1570)
(2360,282)
(3112,2095)
(2979,4720)
(2143,18)
(3249,4352)
(2380,3903)
(2607,2862)
(3078,1730)
(3202,2025)
(3682,3416)
(684,2894)
(2416,4620)
(3211,2905)
(4214,2765)
(1070,3724)
(968,3713)
(2927,3496)
(2753,1128)
(748,2892)
(4254,4234)
(425,2387)
(3677,466)
(1206,2723)
(1939,93)
(1841,2187)
(3358,1625)
(2045,1428)
(3996,3831)
(2157,3591)
(4013,2199)
(1917,1364)
(4690,1660)
(1217,2565)
(2360,779)
(4053,4378)
(3255,1594)
(1980,494)
(4549,3498)
(3322,3341)
(3081,2232)
(87,4448)
(2444,2843)
(2738,3061)
(714,3792)
(3155,1134)
(4033,4786)
(3368,1363)
(1840,2971)
(967,3985)
(3080,2020)
(724,2766)
(2873,495)
(2731,3529)
(52,3541)
(838,4221)
(3178,3467)
(1701,4330)
(3284,3368)
(1912,349)
(3270,3406)
(2871,2906)
(1519,2754)
(3850,194)
(2914,509)
(2027,3160)
(2197,1393)
(2625,1803)
(2107,4846)
(1917,1753)
(4160,1029)
(3179,2096)
(3669,1731)
(2267,2216)
(2190,306)
(4992,3747)
(1463,206)
(260,2621)
(2741,3977)
(2173,258)
(1627,3697)
(3217,1462)
(3079,1757)
(378,2734)
(3282,1793)
(3127,1919)
(4123,4129)
(4563,1661)
(215,4433)
(4131,3724)
(1648,2480)
(2506,2740)
(3917,1028)
(947,3830)
(4837,1900)
(4525,93)
(1037,3723)
(3746,2543)
(2681,4205)
(4011,3026)
(2108,2586)
(3171,1817)
(0,3848)
(5000,3476)
(235,4388)
(2730,1064)
(3139,3447)
(2683,2938)
(471,4143)
(2322,192)
(2726,541)
(3095,2101)
(3372,2867)
(2272,3983)
(1587,1786)
(2301,375)
(2074,1904)
(4278,1518)
(1609,3265)
(2536,1669)
(944,2848)
(3055,3991)
(1239,3210)
(764,2917)
(4163,1918)
(2828,686)
(4030,527)
(2884,2015)
(4602,2904)
(3911,2232)
(666,2651)
(705,4565)
(3094,3407)
(4811,3428)
(883,2356)
(734,2233)
(998,3511)
(3288,2899)
(440,2954)
(1754,2033)
(1559,2760)
(724,3881)
(1651,3746)
(3596,3402)
(3169,1608)
(33,4414)
(425,2952)
(4326,888)
(2590,2574)
(4104,546)
(2959,2148)
(1327,3928)
(0,4587)
(728,3074)
(1340,4621)
(3133,988)
(1023,255)
(3398,1673)
(1001,1664)
(2515,3046)
(1102,3702)
(0,4479)
(1108,3187)
(4206,799)
(2024,2176)
(2805,2741)
(54,514)
(3580,522)
(2389,2799)
(2956,2092)
(2400,1645)
(4888,1772)
(1085,3361)
(4887,3533)
(280,3607)
(4163,3704)
(2504,426)
(1858,3698)
(2069,1895)
(4089,3903)
(4065,1102)
(3626,2452)
(2662,948)
(2345,1012)
(2129,3639)
(2034,369)
(3154,2578)
(2758,3581)
(3041,1654)
(4228,692)
(5000,3423)
(2064,4826)
(1654,3881)
(1265,2608)
(2688,196)
(5000,3773)
(3713,1158)
(2274,2542)
(3020,1608)
(1927,2434)
(2941,497)
(3276,2473)
(3410,3456)
(3876,3377)
(3188,3528)
(1865,2091)
(3322,3464)
(2822,1606)
(1146,4326)
(3807,1183)
(2194,3205)
(414,3101)
(4776,3381)
(2573,4406)
(4612,240)
(3650,1357)
(4794,3960)
(3286,3524)
(523,3946)
(3153,3934)
(4673,4838)
(3109,1612)
(4760,3265)
(2535,1791)
(2762,2736)
(3203,1661)
(4876,3561)
(4733,543)
(3284,3491)
(3992,545)
(3184,3489)
(426,91)
(193,4956)
(3474,555)
(2680,694)
(21,3425)
(1940,1823)
(2378,1002)
(4217,4167)
(2366,1702)
(4718,2234)
(3642,2246)
(1033,4007)
(625,2492)
(2785,4022)
(573,2975)
(4917,1481)
(1028,3784)
(2946,3566)
(4792,1486)
(3474,1736)
(4864,3577)
(4869,3692)
(1651,4177)
(3244,3610)
(2034,424)
(4066,1503)
(748,2841)
(1513,4593)
(3954,1676)
(2605,132)
(1997,3659)
(3324,2448)
(1959,4572)
(636,1472)
(3132,1231)
(2476,4044)
(1951,3664)
(1233,3384)
(3827,3678)
(3104,85)
(2300,785)
(750,3681)
(3941,1750)
(616,4095)
(5000,3720)
(614,1053)
(672,1223)
(202,4226)
(2612,498)
(3754,4260)
(3114,1419)
(1638,3675)
(170,4395)
(1061,2388)
(3733,2107)
(4443,4189)
(2834,2947)
(920,3809)
(1023,3035)
(2903,539)
(4981,3720)
(5000,3733)
(1782,2040)
(4042,3966)
(944,2863)
(3036,2236)
(3919,4919)
(2707,869)
(3870,1536)
(3170,2249)
(2017,580)
(0,4239)
(3637,897)
(4139,1064)
(806,2767)
(3356,3543)
(0,4589)
(1792,3966)
(902,4397)
(3211,2078)
(4369,4350)
(3214,3544)
(368,3709)
(2937,526)
(2713,3033)
(4849,4206)
(0,4481)
(4134,3406)
(1063,1497)
(4562,1897)
(2400,479)
(2021,2109)
(801,4880)
(863,3543)
(2189,3642)
(604,3548)
(4259,4232)
(2712,2636)
(1282,3648)
(794,3830)
(2313,1880)
(944,2313)
(630,4072)
(922,3197)
(2808,775)
(4917,3535)
(2826,3044)
(3206,3036)
(3230,3393)
(2954,2182)
(3330,483)
(3840,3443)
(3116,1951)
(269,4860)
(3245,3499)
(4209,573)
(5000,3775)
(3299,3506)
(982,982)
(493,3972)
(1042,2982)
(3280,2180)
(668,297)
(2366,268)
(1626,1690)
(1700,2430)
(1453,3196)
(3401,1652)
(4154,4370)
(3488,2065)
(2099,863)
(1541,3016)
(197,1025)
(2033,1677)
(4264,4134)
(3395,3456)
(181,3417)
(1376,2575)
(803,2942)
(2625,276)
(2846,854)
(1905,71)
(3582,3403)
(2048,2042)
(3850,1124)
(2828,167)
(3077,908)
(716,4757)
(3385,2192)
(4415,1017)
(183,4415)
(3090,1493)
(4149,1248)
(2798,2782)
(2932,1550)
(4109,4101)
(4501,653)
(3694,1607)
(2441,0)
(3032,1902)
(0,3597)
(3814,4826)
(3960,2665)
(3378,3478)
(2700,4317)
(2674,3096)
(0,4536)
(1500,506)
(4023,4303)
(2830,3501)
(1006,1139)
(1986,4048)
(4992,3872)
(4739,3463)
(4665,3514)
(3843,1339)
(4495,2019)
(4161,2668)
(1649,3352)
(3762,1387)
(2939,1808)
(3586,3376)
(5000,3359)
(728,3157)
(979,753)
(1032,2602)
(698,3480)
(3658,633)
(1300,2501)
(3904,1039)
(4413,916)
(3363,2112)
(3737,3787)
(3964,531)
(470,3104)
(2619,1587)
(3937,1108)
(671,2865)
(2975,2417)
(4080,864)
(1006,4777)
(4423,2664)
(1450,3505)
(2217,1957)
(4308,3845)
(2618,3469)
(3670,2053)
(2851,1950)
(4624,4495)
(4039,3576)
(3142,3590)
(1131,4031)
(2315,1337)
(4216,4148)
(1981,0)
(489,2578)
(4128,4035)
(3036,3056)
(723,3913)
(3588,3532)
(2662,2320)
(2715,1429)
(2345,4599)
(2742,4235)
(2391,514)
(2749,747)
(2420,3955)
(4949,922)
(2749,1915)
(808,4401)
(787,3295)
(1522,711)
(2765,4525)
(2591,4897)
(4505,1002)
(1134,3231)
(1201,2238)
(2962,2036)
(2983,3556)
(4261,726)
(4259,4100)
(1434,904)
(2693,47)
(3637,2067)
(4079,4398)
(3398,1556)
(1503,2697)
(3662,1077)
(0,4591)
(3575,3589)
(2594,2404)
(2567,3735)
(1811,719)
(4028,3012)
(3083,3736)
(3917,3181)
(3223,3487)
(38,4186)
(3558,3477)
(3054,3449)
(29,4137)
(1571,1151)
(2337,4562)
(391,2503)
(1795,2064)
(0,4833)
(4730,436)
(474,3440)
(3965,2030)
(2638,474)
(4193,4109)
(3285,1224)
(3193,3621)
(3313,3393)
(338,1458)
(1621,2382)
(4914,3239)
(2778,3234)
(2877,2984)
(2858,1658)
(616,769)
(3688,1856)
(2939,1997)
(2533,326)
(5000,3777)
(3591,1694)
(4373,646)
(2405,4463)
(4767,1970)
(0,4041)
(4873,3076)
(3147,3989)
(3545,3217)
(1996,336)
(2073,1980)
(2391,3723)
(760,3513)
(1704,2793)
(2874,2150)
(3436,2119)
(4437,3919)
(536,2721)
(2091,694)
(1046,2005)
(4497,1691)
(4135,4227)
(3369,4465)
(2579,2848)
(2152,4208)
(3293,1558)
(4260,3333)
(755,2593)
(4497,536)
(1897,1888)
(1086,2878)
(1982,3918)
(3291,1899)
(3193,3313)
(2372,1629)
(1283,1436)
(3297,3370)
(3789,1617)
(3491,2189)
(2786,1619)
(1931,839)
(0,4538)
(4313,1479)
(2147,4786)
(1889,3996)
(4141,1143)
(4080,3644)
(427,4201)
(4420,1497)
(3530,4143)
(1095,2795)
(3149,3899)
(2260,2074)
(957,875)
(1490,1375)
(2562,426)
(1725,2181)
(5000,3590)
(4079,507)
(2045,321)
(0,4901)
(2589,650)
(2668,943)
(5000,3711)
(3931,2450)
(2239,1476)
(4442,1619)
(3184,1883)
(3404,1923)
(3553,3443)
(2543,1594)
(2808,3060)
(4743,1732)
(3683,291)
(3939,4152)
(3347,3459)
(3211,3571)
(591,4685)
(4956,1853)
(1217,1700)
(0,4217)
(3451,3408)
(443,3511)
(4314,3783)
(4285,867)
(1950,1965)
(3782,246)
(3443,551)
(1810,4550)
(5000,3966)
(757,4051)
(578,3820)
(2236,228)
(3844,3231)
(843,4505)
(3109,3765)
(14,4128)
(3102,1547)
(4893,3732)
(4597,1869)
(4280,4148)
(2843,4181)
(1179,3757)
(4432,2704)
(3133,981)
(2819,2777)
(1774,1055)
(1925,3439)
(4512,4511)
(4873,3736)
(3175,3499)
(3797,1038)
(745,4481)
(3518,2791)
(2690,2905)
(3187,1459)
(3159,1626)
(2302,2234)
(3687,3768)
(4022,3987)
(2489,111)
(4004,4347)
(0,4714)
(1858,1705)
(3964,1272)
(3898,3133)
(904,2905)
(3549,3430)
(4275,2073)
(2886,1100)
(2800,1585)
(3689,929)
(4540,4973)
(3126,294)
(918,3419)
(3641,3369)
(2633,2347)
(5000,3645)
(3682,3895)
(2978,2796)
(2498,1893)
(3083,1765)
(1016,3617)
(4400,4296)
(5000,3537)
(3387,3610)
(3658,3844)
(1576,2907)
(1477,3130)
(2576,4041)
(0,4030)
(167,2221)
(2975,1306)
(789,3961)
(3326,3455)
(3892,1917)
(795,1002)
(3115,2225)
(1717,1957)
(3260,1825)
(2218,438)
(2104,3305)
(2422,2648)
(3315,3454)
(4779,3258)
(3375,3468)
(506,2417)
(3107,3919)
(3261,1124)
(2139,0)
(509,3102)
(2207,2615)
(3055,201)
(2752,200)
(1769,2389)
(2083,1273)
(3160,2654)
(2210,1048)
(3872,3348)
(3978,3515)
(547,3515)
(1476,3978)
(4062,476)
(1820,3788)
(3287,3634)
(835,3164)
(1423,4317)
(3985,3410)
(1421,3224)
(2331,1459)
(592,2884)
(3738,1705)
(2943,1959)
(3968,4116)
(4174,4221)
(2306,3738)
(3362,3525)
(879,2244)
(3045,1862)
(4147,533)
(3236,2073)
(4665,3613)
(4995,3030)
(2746,3148)
(4795,3871)
(4089,447)
(1618,2825)
(2905,2215)
(4337,3006)
(3993,2967)
(782,2445)
(0,4661)
(3248,1278)
(2956,1106)
(3582,1797)
(908,2971)
(3922,2619)
(4114,611)
(3456,2102)
(3032,2269)
(2712,2816)
(2834,1530)
(3214,1751)
(3511,1220)
(3585,4138)
(3973,756)
(1251,1216)
(1612,3410)
(4922,2891)
(4572,2778)
(2400,901)
(2174,1312)
(1847,4889)
(3273,4438)
(674,2753)
(2573,3983)
(1100,4322)
(3026,481)
(3254,2065)
(3703,1174)
(2557,447)
(3255,489)
(2165,4767)
(933,2051)
(942,4207)
(2752,4456)
(534,3924)
(725,1240)
(3899,4095)
(3971,4200)
(1704,4944)
(4094,1530)
(885,2397)
(3353,2057)
(4098,4160)
(2503,3607)
(4186,1240)
(1923,1985)
(2595,3546)
(3121,1791)
(2701,451)
(4643,819)
(781,3750)
(963,3461)
(925,2186)
(2327,883)
(1919,1583)
(866,3299)
(1631,887)
(1332,3220)
(2958,1625)
(124,861)
(1146,4521)
(2627,1562)
(2623,4301)
(4533,250)
(441,3951)
(2700,4255)
(0,4474)
(1180,4519)
(2949,529)
(2319,4563)
(1566,3279)
(2606,2792)
(2069,2587)
(2794,2025)
(2870,357)
(4973,3797)
(0,3777)
(2765,1738)
(3864,2612)
(3721,2829)
(2164,4746)
(2365,1767)
(873,2884)
(4787,3526)
(3887,3535)
(1349,2584)
(2166,1823)
(1285,2074)
(2830,1574)
(1944,1481)
(1591,4103)
(1578,2592)
(3308,2259)
(1946,3634)
(2376,4679)
(4209,1613)
(760,2202)
(1968,2080)
(1161,3714)
(4108,1157)
(775,3907)
(4154,4013)
(2815,2632)
(1650,1892)
(2832,2801)
(3262,1631)
(2121,4924)
(2460,943)
(4275,1270)
(1298,2672)
(2765,4208)
(3622,3334)
(2868,3397)
(2484,253)
(2525,25)
(725,2221)
(3860,1930)
(4272,4126)
(2957,1116)
(1701,4193)
(4872,3367)
(4579,4017)
(2277,862)
(580,2513)
(3687,1342)
(2561,513)
(587,3805)
(3314,3460)
(696,3977)
(2401,497)
(3017,2715)
(4754,3617)
(817,3220)
(66,4749)
(3908,829)
(1108,3813)
(568,3805)
(0,4516)
(3694,3694)
(4384,3912)
(2005,4186)
(2067,3603)
(1106,3336)
(3594,494)
(3250,1852)
(2980,2028)
(1129,3175)
(4334,3394)
(3578,4808)
(4877,4087)
(3656,3415)
(774,3886)
(818,2946)
(3982,3356)
(1549,1704)
(4420,320)
(507,3434)
(2434,1050)
(3770,1608)
(5000,3460)
(2708,2979)
(1276,3881)
(1823,4279)
(4194,2838)
(1569,1659)
(3160,1275)
(1207,3229)
(3356,921)
(1011,1368)
(3107,1385)
(2852,2327)
(2921,1932)
(2702,3551)
(3827,1216)
(4922,665)
(4033,503)
(4034,3357)
(3871,855)
(1729,1890)
(1586,4056)
(2971,4799)
(2609,1414)
(2146,4393)
(3479,3485)
(3190,3382)
(4195,457)
(3982,3961)
(1382,3364)
(862,3328)
(103,4508)
(1489,3197)
(1695,1316)
(3426,481)
(3934,924)
(4018,1561)
(2912,1199)
(2447,318)
(2711,327)
(1866,2258)
(4137,1633)
(3939,3338)
(1017,4905)
(4682,3382)
(0,4100)
(493,3215)
(2214,1628)
(3084,2945)
(1563,355)
(2612,1674)
(1091,1299)
(4838,4016)
(2525,2200)
(300,1480)
(4005,4200)
(2809,1141)
(2525,1153)
(988,4217)
(594,4815)
(4439,1688)
(3135,1836)
(3212,3517)
(4320,1996)
(3545,3397)
(2955,2134)
(897,3806)
(798,3275)
(4272,4436)
(2901,622)
(4985,3783)
(2859,1793)
(1868,4387)
(4411,1481)
(3376,3480)
(2048,2224)
(4135,1253)
(3766,669)
(4073,1314)
(4392,2757)
(2974,1342)
(487,2837)
(0,4476)
(4970,3673)
(1980,2103)
(1210,3353)
(2999,510)
(4046,3180)
(3946,2010)
(1332,3464)
(3353,4879)
(4246,1255)
(2618,0)
(3122,1748)
(3089,3557)
(0,4947)
(2891,1586)
(1972,1545)
(449,4544)
(2512,772)
(1980,2574)
(494,1927)
(4103,3956)
(3083,1648)
(3005,2223)
(1211,1201)
(4917,3651)
(2871,2637)
(3226,1818)
(1780,2031)
(2017,4455)
(4632,1388)
(464,4542)
(4292,3949)
(3318,1757)
(3180,2052)
(4082,1106)
(3182,3330)
(3466,874)
(0,4034)
(3387,1749)
(2936,1813)
(2616,3592)
(4135,3857)
(537,4912)
(4618,2550)
(2253,3661)
(3987,1111)
(4404,3614)
(3314,3462)
(957,4572)
(692,3106)
(4662,876)
(2711,1213)
(2332,2614)
(1627,1226)
(3046,3539)
(2030,3831)
(2485,4411)
(2845,516)
(3531,2241)
(2151,859)
(4484,3327)
(3862,3280)
(3548,609)
(4303,3925)
(603,2717)
(9,4230)
(3524,3406)
(1630,2705)
(2855,49)
(663,2889)
(410,2443)
(3030,1972)
(3410,1964)
(506,4073)
(3173,1499)
(1729,590)
(2555,3557)
(851,3475)
(2592,4082)
(5000,3462)
(2942,2919)
(3807,1906)
(3292,2214)
(2633,3332)
(3851,1683)
(3281,3782)
(1206,3824)
(3090,2790)
(541,2387)
(3015,401)
(2712,592)
(4363,4231)
(574,3961)
(2749,3399)
(2866,1998)
(1228,3704)
(3980,908)
(3280,1988)
(4935,3346)
(833,2616)
(430,1445)
(3181,1457)
(1738,1675)
(1003,2394)
(2343,4680)
(3621,1621)
(4216,3901)
(4056,1697)
(3761,2274)
(1990,970)
(4485,3244)
(160,1718)
(2733,3121)
(3280,3519)
(716,2579)
(661,2643)
(1419,1275)
(2007,3660)
(3347,3465)
(3374,3339)
(358,1595)
(3557,4443)
(3930,524)
(4913,3667)
(608,2645)
(0,4223)
(2775,3360)
(3917,3150)
(4230,1166)
(2728,804)
(2589,3126)
(3002,555)
(573,3711)
(1870,4607)
(3434,2134)
(2201,3660)
(3132,786)
(1565,1463)
(0,4465)
(4136,3988)
(466,3706)
(1051,2410)
(478,2777)
(3845,1072)
(3475,78)
(677,3926)
(961,1470)
(4839,2684)
(5000,3275)
(4347,1175)
(4159,4093)
(3827,3354)
(3429,2298)
(4222,4149)
(3408,3407)
(2444,3623)
(1808,3153)
(2963,1744)
(3019,1087)
(3750,3292)
(4187,4047)
(3552,1321)
(4966,3519)
(2887,1052)
(483,4302)
(1739,3174)
(357,3897)
(441,2090)
(1817,2047)
(2616,4386)
(3787,3416)
(5000,3638)
(2374,1591)
(2780,3033)
(1863,3627)
(4020,3129)
(3124,1796)
(4309,4171)
(778,4196)
(308,4018)
(1726,3477)
(2520,1537)
(4574,2604)
(4579,504)
(4346,4174)
(275,350)
(2026,3631)
(3147,4789)
(5000,3651)
(937,2620)
(3266,3434)
(3500,1386)
(2686,2593)
(3114,1579)
(3071,2929)
(2315,1374)
(2043,3655)
(1129,3500)
(5000,3772)
(2593,1355)
(3406,1872)
(1651,1330)
(4008,4192)
(2437,2010)
(2570,3707)
(6,2767)
(1285,4548)
(1147,4843)
(2026,1779)
(4405,458)
(1977,1099)
(3606,482)
(756,4140)
(3936,882)
(2547,4110)
(403,4281)
(3240,132)
(3267,1955)
(1916,4243)
(3177,1244)
(4877,3836)
(3662,535)
(3396,1547)
(3638,3295)
(2399,805)
(3139,2012)
(3032,1657)
(3813,946)
(2311,584)
(3238,3832)
(3495,492)
(2613,2733)
(2014,1879)
(1847,1473)
(3256,1378)
(2795,0)
(2651,4422)
(4688,1415)
(1095,2777)
(3287,1896)
(1021,2599)
(437,4763)
(320,3949)
(1474,2581)
(2697,2030)
(4443,537)
(1151,3059)
(2214,4276)
(659,3536)
(4020,4002)
(2895,2809)
(1284,3709)
(597,2779)
(2524,4330)
(844,2656)
(4015,1793)
(3118,3497)
(1679,1242)
(48,241)
(1928,1946)
(3359,3330)
(477,3801)
(3304,3394)
(3765,2557)
(421,2445)
(326,3605)
(2196,3868)
(881,3598)
(1490,3827)
(3103,987)
(3361,3497)
(3190,3615)
(3883,1098)
(424,3214)
(1917,1541)
(2961,4731)
(1888,1779)
(4493,505)
(5000,3948)
(148,1774)
(2035,4650)
(3131,2109)
(700,2516)
(598,4683)
(452,4107)
(1181,4253)
(661,1477)
(4406,3367)
(1362,4944)
(2041,3246)
(4739,4186)
(771,1470)
(1674,3718)
(3705,2357)
(4510,1330)
(3913,1111)
(1836,518)
(2424,2903)
(1727,1514)
(1340,3091)
(3126,2946)
(3222,2654)
(1902,4255)
(2778,627)
(224,3825)
(2637,3024)
(1811,1750)
(3175,3602)
(4551,1344)
(600,2769)
(3829,4328)
(2707,3204)
(0,4467)
(4174,4511)
(3093,1964)
(1562,1581)
(3350,2034)
(3076,1731)
(3132,2306)
(4132,1777)
(4252,4057)
(284,4347)
(2553,2629)
(3358,1602)
(2821,1626)
(2731,2901)
(1435,4859)
(3675,491)
(868,3765)
(2887,2101)
(1716,304)
(3223,3484)
(1430,206)
(2770,1701)
(3888,905)
(4041,4116)
(3463,2153)
(892,3950)
(3104,3388)
(4745,2367)
(1763,3654)
(2067,3099)
(738,450)
(3599,4306)
(1996,78)
(2644,528)
(2862,1653)
(5000,3653)
(3045,542)
(4294,458)
(1470,3122)
(2147,1829)
(1694,1029)
(413,3561)
(4563,4416)
(730,3618)
(2424,3884)
(623,2997)
(3412,3503)
(3212,2166)
(2501,3057)
(2008,1848)
(3828,533)
(1369,1861)
(1317,3162)
(2375,329)
(2855,966)
(1996,3945)
(2822,789)
(3195,4269)
(3121,1839)
(3989,4049)
(57,3996)
(2269,1744)
(3387,948)
(2889,2657)
(2273,4374)
(3736,2004)
(3046,3772)
(2743,1785)
(2319,1228)
(3378,3464)
(2793,2545)
(3345,3287)
(3991,3169)
(2248,3913)
(4429,2577)
(1158,3761)
(3355,2433)
(3830,1531)
(3578,492)
(1802,1059)
(2055,2673)
(1239,3053)
(4023,1027)
(2500,2040)
(1963,640)
(3172,3372)
(687,3250)
(3522,2667)
(319,4251)
(3297,3488)
(4181,2488)
(4501,1712)
(847,3589)
(3975,1373)
(1736,4919)
(1482,3053)
(95,692)
(3059,1751)
(1527,3698)
(3235,1684)
(4711,4797)
(4919,3514)
(4365,1908)
(1525,3773)
(2387,1065)
(3885,3900)
(3443,3555)
(2735,1748)
(4669,1538)
(1176,4070)
(4246,617)
(4729,3474)
(0,3851)
(2997,1115)
(1839,1502)
(1744,447)
(608,2623)
(229,3795)
(3592,1153)
(1711,3653)
(3383,2211)
(3262,1692)
(3506,2052)
(209,2510)
(709,2567)
(5000,3721)
(365,3925)
(3581,4562)
(4341,4021)
(3131,1064)
(3657,4557)
(2695,1665)
(1339,2855)
(5000,4071)
(4097,3782)
(2220,3543)
(889,2511)
(562,4102)
(4178,3855)
(3407,1763)
(3994,1065)
(4160,4215)
(1732,692)
(1666,2324)
(3069,4629)
(2226,971)
(2597,2833)
(2571,3598)
(3066,3540)
(597,2231)
(850,2411)
(2367,3310)
(510,4154)
(965,2748)
(0,4348)
(624,2189)
(3931,958)
(3172,2138)
(4903,1505)
(1030,4570)
(2590,1867)
(3446,3545)
(1529,992)
(727,1536)
(4240,1605)
(3114,2254)
(2835,2839)
(2780,2903)
(2897,3488)
(3898,4056)
(4049,3700)
(2482,765)
(4109,4276)
(4692,2345)
(2459,0)
(3801,861)
(2840,3075)
(1572,665)
(3631,1847)
(479,3891)
(1432,3516)
(5000,3521)
(4041,4118)
(3024,3542)
(146,4886)
(2056,81)
(2336,135)
(524,3031)
(3166,858)
(3851,695)
(4016,1028)
(5000,3642)
(3412,2082)
(2949,2055)
(645,2503)
(3360,3612)
(1078,1833)
(1895,1597)
(0,4953)
(1526,3420)
(433,4017)
(2888,2984)
(3306,1282)
(2469,3000)
(2316,314)
(4363,4640)
(287,2916)
(1660,3127)
(4352,3993)
(653,2744)
(702,4592)
(3183,3511)
(2489,1639)
(4946,3419)
(2598,1582)
(5000,3655)
(4017,4124)
(1555,751)
(2926,2579)
(1587,3938)
(2977,1578)
(4010,3855)
(4729,1327)
(1347,2909)
(4156,2862)
(2633,3875)
(3099,413)
(3063,490)
(2082,1557)
(1839,1799)
(2702,4914)
(2922,4917)
(3166,1342)
(3567,1420)
(2097,3757)
(5000,3897)
(3164,2235)
(3395,3565)
(3161,2166)
(1953,4008)
(2087,2022)
(3807,1523)
(240,4106)
(0,4161)
(1127,3148)
(3776,3112)
(2609,3006)
(1932,808)
(1345,1277)
(0,4282)
(4425,3908)
(3626,2013)
(4169,949)
(3565,2003)
(4793,3553)
(0,4403)
(2818,4176)
(1682,4322)
(1093,4156)
(2602,3999)
(3915,1190)
(4199,2935)
(3171,1675)
(2474,1747)
(1514,3691)
(3082,1603)
(4166,3926)
(4062,836)
(2843,2260)
(0,4645)
(2820,3030)
(1375,1896)
(2550,402)
(77,2798)
(1710,196)
(3805,1072)
(1119,3404)
(1905,1832)
(3320,3474)
(3165,1614)
(3242,1568)
(1761,777)
(350,5000)
(4617,1071)
(4510,3870)
(3254,2746)
(1736,1888)
(277,2162)
(3759,3413)
(3142,3444)
(364,3743)
(2445,483)
(2957,4078)
(3005,1345)
(3053,2325)
(2648,2276)
(912,1976)
(1366,4169)
(1977,1842)
(883,4429)
(0,4082)
(1738,4943)
(4766,3772)
(29,4783)
(1043,2617)
(3096,1769)
(890,2725)
(1784,1918)
(3920,3091)
(4130,4069)
(1007,3431)
(2046,90)
(3155,1652)
(959,3619)
(0,4216)
(1361,3141)
(1302,3958)
(2001,1515)
(1953,1969)
(4659,518)
(3440,4157)
(0,4337)
(4155,4139)
(2429,2083)
(3160,2009)
(3319,3759)
(776,2464)
(2305,2434)
(4445,1060)
(2937,2610)
(3336,2127)
(827,3863)
(2631,4526)
