(3571,425)
(516,150)
(366,4821)
(4141,2123)
(4321,2993)
(51,1632)
(3643,5000)
(3472,688)
(2272,4835)
(327,1917)
(4313,2701)
(1918,1304)
(1792,2922)
(4459,311)
(1298,3582)
(1277,2476)
(2092,1871)
(3277,5000)
(1995,1938)
(3149,5000)
(2540,1472)
(2206,4107)
(2432,1646)
(3657,976)
(329,4070)
(3297,2390)
(2754,2865)
(1997,2657)
(99,346)
(3994,746)
(1299,1309)
(4784,84)
(2277,1664)
(286,2279)
(471,3493)
(591,3558)
(733,3907)
(4434,2078)
(127,4622)
(3293,123)
(2575,1829)
(2012,1608)
(760,3609)
(3924,3790)
(10,3296)
(4003,821)
(4295,2390)
(4740,562)
(4472,2962)
(2982,3923)
(234,3391)
(3878,2223)
(461,135)
(710,2862)
(2284,2309)
(2392,1842)
(3513,2475)
(3960,2642)
(1291,225)
(389,1585)
(4196,411)
(22,1562)
(637,2589)
(1994,2038)
(3150,2665)
(3556,1138)
(4554,240)
(2858,2264)
(2162,1514)
(3288,4477)
(3649,4456)
(2621,2967)
(1175,3409)
(1268,1422)
(643,3585)
(341,4940)
(2042,1984)
(428,1381)
(521,3595)
(2119,1938)
(140,870)
(282,3434)
(3874,4816)
(627,2651)
(1866,1879)
(1600,3571)
(4360,1942)
(2763,2511)
(1967,2052)
(118,3568)
(3096,2805)
(4482,2955)
(4093,1719)
(2236,2068)
(1771,19)
(810,4182)
(1094,3712)
(125,1635)
(25,4666)
(2499,3875)
(1321,3839)
(3698,937)
(0,3037)
(1161,854)
(3694,0)
(3783,981)
(257,3336)
(3357,2041)
(458,882)
(1996,1655)
(4425,1387)
(3361,4900)
(178,3982)
(2664,1067)
(3219,1060)
(4287,635)
(3538,1944)
(0,3279)
(3924,704)
(503,2587)
(2956,3925)
(4198,2633)
(1489,3557)
(4472,3138)
(2173,1220)
(3940,833)
(316,2882)
(3074,655)
(264,2426)
(569,4230)
(113,2001)
(3346,2245)
(2002,2506)
(4288,2684)
(3641,3102)
(2715,3876)
(4783,411)
(2300,1382)
(2965,3758)
(3288,2425)
(0,2245)
(2897,2311)
(2069,1634)
(365,4292)
(346,1835)
(0,1427)
(2128,1985)
(505,1828)
(171,4692)
(3891,890)
(1467,3636)
(3912,949)
(1162,3525)
(3,5000)
(3465,2071)
(838,1371)
(309,3471)
(3434,2492)
(932,4416)
(407,4531)
(1698,1182)
(390,3840)
(510,2185)
(295,5000)
(3261,4937)
(0,2608)
(4536,3004)
(601,3242)
(483,2432)
(2005,1460)
(1883,302)
(3178,2256)
(236,4662)
(755,3012)
(817,1675)
(3352,4543)
(4315,2604)
(3970,391)
(695,2328)
(4662,2833)
(2815,4954)
(1795,431)
(3035,4728)
(2743,2341)
(771,1276)
(2976,2283)
(2349,4107)
(3455,1988)
(2555,1997)
(207,1584)
(4388,2314)
(3870,2388)
(863,1107)
(4294,1632)
(2551,2413)
(3879,1161)
(2626,3984)
(2557,4113)
(4525,2733)
(2138,1951)
(367,418)
(2994,3104)
(3880,982)
(105,2633)
(3477,1760)
(949,3217)
(4317,2905)
(1118,3440)
(3365,243)
(553,3402)
(3771,2099)
(3111,2992)
(0,2408)
(2646,2892)
(648,3117)
(0,3347)
(3267,2192)
(3560,4925)
(3768,3642)
(2771,3947)
(1379,3457)
(2070,2853)
(684,4100)
(2580,3598)
(362,1605)
(2946,3655)
(568,3925)
(3833,2172)
(218,1560)
(271,669)
(610,889)
(4610,3032)
(4063,2405)
(3113,5000)
(951,3582)
(4196,1702)
(2802,2600)
(3434,4533)
(2040,1230)
(4080,2695)
(0,1495)
(3501,4708)
(3076,3778)
(3146,2265)
(324,3541)
(630,2830)
(819,3749)
(774,4006)
(2102,4215)
(3929,4633)
(0,1616)
(1080,2248)
(796,4704)
(837,2261)
(697,1958)
(425,1499)
(0,2555)
(755,3885)
(479,3950)
(44,2332)
(3397,4893)
(2601,2744)
(861,2739)
(3675,1841)
(3064,1916)
(4578,3069)
(1845,1125)
(3739,4714)
(493,2959)
(0,2797)
(617,3897)
(2748,2740)
(2356,1721)
(0,1750)
(1502,4061)
(526,3257)
(540,940)
(3747,0)
(3585,2153)
(3971,2899)
(2788,3980)
(4264,906)
(407,3686)
(3854,3896)
(3911,0)
(306,2062)
(3721,105)
(2604,1540)
(198,4680)
(1860,1796)
(2444,4412)
(2838,1599)
(835,992)
(332,600)
(3287,2630)
(1084,3618)
(368,1233)
(4068,1623)
(4493,3078)
(752,1344)
(95,1074)
(4427,2495)
(740,3993)
(511,723)
(192,2404)
(2735,2238)
(102,3413)
(1237,3873)
(2995,1680)
(4039,898)
(799,3876)
(3479,1995)
(2280,1442)
(773,3860)
(4082,487)
(3985,554)
(4502,3032)
(773,2813)
(396,4812)
(2939,4646)
(3567,1963)
(547,2995)
(3253,1544)
(2026,1158)
(2164,1351)
(348,5000)
(2036,4320)
(2715,3073)
(0,2489)
(779,4176)
(2766,4021)
(1358,2540)
(0,1671)
(2242,345)
(2077,1998)
(3832,325)
(492,2133)
(3264,218)
(4265,557)
(757,3720)
(242,3311)
(2002,1945)
(2210,2648)
(916,1269)
(2994,515)
(0,2731)
(4752,537)
(1696,1646)
(4208,4345)
(2770,1938)
(493,5000)
(1042,2024)
(1867,1649)
(0,637)
(1599,2063)
(2351,1698)
(295,1982)
(179,2036)
(2764,2281)
(3487,2087)
(2232,1602)
(322,2206)
(248,3977)
(839,3664)
(2229,1304)
(575,3325)
(2010,4414)
(2035,1438)
(646,3205)
(603,4555)
(3818,766)
(1797,1502)
(3782,4721)
(425,1701)
(1975,1545)
(3583,347)
(57,4917)
(217,705)
(448,3755)
(3707,238)
(2695,3712)
(0,2060)
(2971,2304)
(3860,2173)
(1402,4369)
(22,506)
(2603,2258)
(911,4024)
(1287,1305)
(348,3766)
(582,3704)
(1044,3506)
(278,3707)
(2872,2540)
(2053,1454)
(3394,2127)
(1697,4973)
(4735,814)
(949,4521)
(245,1436)
(4572,2513)
(2946,2610)
(3295,4750)
(3348,3593)
(1464,3166)
(3050,223)
(3830,829)
(2827,2137)
(241,1438)
(4402,2223)
(2268,1621)
(2423,2461)
(1737,2399)
(1441,1354)
(2829,2331)
(4573,2980)
(4007,2303)
(2439,1624)
(716,1034)
(4542,2583)
(4169,2486)
(4053,4526)
(2573,3960)
(4607,3651)
(601,3649)
(68,1873)
(3310,402)
(3153,4885)
(3486,4536)
(0,1860)
(3907,99)
(1102,4466)
(99,1573)
(1220,4458)
(131,1525)
(4974,3687)
(4743,3000)
(328,3796)
(252,2983)
(3335,2044)
(0,3967)
(3252,60)
(4067,1670)
(2569,3938)
(868,3373)
(1049,1987)
(833,2857)
(3971,2083)
(564,1915)
(1742,1133)
(714,3845)
(2997,2520)
(1808,3823)
(1158,2280)
(1011,3250)
(1384,3266)
(535,2503)
(874,3918)
(4217,1627)
(3635,942)
(350,2228)
(0,2344)
(4514,3018)
(3841,0)
(378,2411)
(3941,2338)
(1357,1685)
(2833,2546)
(453,4167)
(4527,3078)
(3336,2349)
(2757,2901)
(1162,133)
(2032,1221)
(3084,2249)
(4190,2116)
(4126,411)
(2203,1453)
(3970,1066)
(795,1894)
(908,3003)
(4258,2637)
(1671,1979)
(1031,3110)
(2316,1222)
(2050,1746)
(4996,536)
(4443,2804)
(3268,4823)
(4283,600)
(1117,4052)
(4888,939)
(4469,2978)
(2589,2670)
(461,3603)
(1300,3355)
(2547,2673)
(682,4474)
(3760,4881)
(2053,1872)
(4205,3053)
(3291,1141)
(882,3781)
(2327,1357)
(463,4063)
(2657,3743)
(4912,4571)
(4135,2664)
(2099,1880)
(3054,3564)
(3371,4668)
(2302,1421)
(4655,2821)
(1040,2246)
(954,745)
(1934,1705)
(296,2731)
(4028,2430)
(2384,4614)
(3468,4722)
(3296,0)
(3617,2078)
(0,3083)
(3154,590)
(4091,2900)
(3247,0)
(247,1684)
(4667,737)
(0,2975)
(595,2101)
(3141,3667)
(959,3546)
(4065,1571)
(208,2860)
(3683,4889)
(3673,0)
(2647,4034)
(1890,1611)
(2081,913)
(4012,634)
(4021,1851)
(1094,3074)
(275,3974)
(3110,4330)
(3867,2323)
(1946,2014)
(2419,1672)
(4382,2917)
(839,3908)
(2009,3531)
(445,305)
(3392,4164)
(4233,2565)
(275,1062)
(3902,4680)
(3357,2113)
(2199,1561)
(2875,4813)
(511,2995)
(257,146)
(1803,285)
(572,4853)
(4006,2643)
(4279,2509)
(2247,1201)
(2111,1569)
(4698,3136)
(4275,2804)
(1012,3812)
(3429,3278)
(2881,2655)
(3180,3705)
(3765,2409)
(946,4397)
(2228,1043)
(3599,1888)
(2422,4063)
(558,2302)
(128,3886)
(480,4045)
(3794,3002)
(1271,373)
(54,4876)
(23,1096)
(3596,664)
(3940,437)
(2590,883)
(2295,1460)
(1856,1534)
(3392,4661)
(1306,2299)
(380,3073)
(3473,5000)
(4524,2945)
(3531,4941)
(254,3607)
(2728,3799)
(1054,2199)
(1747,4866)
(116,1687)
(2558,2341)
(762,1798)
(932,3670)
(3612,2018)
(4310,4800)
(86,1929)
(722,4062)
(2356,3819)
(4348,1793)
(2644,3963)
(4435,2886)
(4168,1310)
(778,2277)
(4009,2485)
(2868,3563)
(925,2741)
(869,3600)
(2806,3853)
(2123,1608)
(619,2405)
(2953,2331)
(188,1401)
(2471,2062)
(3945,864)
(3856,4498)
(3539,590)
(1665,4823)
(1142,352)
(2778,1431)
(2750,3813)
(4156,0)
(2089,1852)
(2311,504)
(251,1578)
(3693,1178)
(4558,3090)
(4334,2379)
(4270,2623)
(2757,3829)
(2206,1740)
(1819,1102)
(4518,3139)
(2104,1729)
(278,2475)
(732,2645)
(444,1195)
(1035,1636)
(577,4693)
(1934,1210)
(2666,3539)
(607,2771)
(2573,3762)
(2635,2425)
(3147,92)
(2451,1786)
(147,1968)
(3092,5000)
(2560,3944)
(455,3289)
(3419,4577)
(3887,252)
(2028,1050)
(4004,2234)
(3835,735)
(985,3346)
(2181,1938)
(3597,5000)
(407,1154)
(4353,2768)
(4490,3002)
(3593,4706)
(1852,1884)
(1079,3883)
(721,1206)
(332,4134)
(454,1845)
(3403,152)
(2128,247)
(2685,2087)
(1843,1017)
(1206,4109)
(2056,4508)
(2756,3724)
(4424,4755)
(3822,220)
(532,3377)
(2164,4980)
(1387,3110)
(2092,2108)
(3816,856)
(172,1758)
(326,3659)
(1902,1718)
(4331,2699)
(0,4132)
(4702,4332)
(3983,969)
(255,1096)
(2753,2877)
(543,4946)
(689,5000)
(3808,1732)
(3753,3028)
(0,991)
(572,2385)
(179,2161)
(256,2758)
(4629,1736)
(3970,639)
(2815,2048)
(0,4266)
(236,2816)
(382,130)
(3759,1624)
(474,3102)
(715,1996)
(2260,2957)
(436,4796)
(1714,1508)
(1873,3716)
(2674,732)
(2789,719)
(1146,3387)
(4115,2575)
(0,1354)
(1400,1173)
(3977,2052)
(3145,246)
(1734,3678)
(3795,1523)
(4306,2264)
(4195,2396)
(1622,4376)
(2576,2654)
(4510,2444)
(4034,1926)
(3697,843)
(472,2638)
(2153,2736)
(184,1713)
(4589,3087)
(2,2315)
(0,3474)
(2653,3143)
(4337,2987)
(808,3647)
(4455,2979)
(3636,4108)
(1153,2864)
(2875,2963)
(3742,599)
(2386,1752)
(3874,4919)
(144,5000)
(278,5000)
(4125,1010)
(2369,4444)
(4531,3095)
(4128,1658)
(349,1618)
(734,1954)
(815,2845)
(2074,1759)
(594,3371)
(4030,2705)
(578,1333)
(2621,2507)
(3039,2037)
(3588,0)
(3757,4882)
(1509,4178)
(611,584)
(2747,0)
(1248,3356)
(4974,537)
(523,1639)
(517,3551)
(4536,2260)
(842,4250)
(1914,1086)
(174,3333)
(236,4965)
(2402,1843)
(1274,3651)
(2308,3642)
(3970,1741)
(4183,802)
(3618,764)
(3803,4718)
(127,1881)
(4717,2843)
(2748,4035)
(351,4026)
(2535,1941)
(1758,4235)
(3568,17)
(1880,1451)
(536,1941)
(4360,2434)
(3262,2162)
(4365,2512)
(3504,1924)
(2552,1477)
(928,2172)
(2239,1956)
(379,2115)
(3608,705)
(4161,2574)
(2884,2596)
(332,4110)
(1158,2876)
(0,3529)
(3147,4524)
(4383,2929)
(3273,2125)
(494,4000)
(2381,3449)
(2779,3724)
(2356,1406)
(3230,213)
(3916,955)
(1850,2214)
(615,1967)
(3601,5000)
(1737,1290)
(462,3536)
(530,3707)
(3703,2365)
(1958,1989)
(928,1622)
(341,4306)
(186,2446)
(696,3716)
(1138,5000)
(3618,698)
(3217,125)
(2771,2519)
(684,2672)
(364,1004)
(4501,1432)
(3464,123)
(280,0)
(3963,746)
(625,3152)
(2209,1597)
(1302,4828)
(584,2562)
(3402,1352)
(3968,1992)
(911,3896)
(3647,3105)
(2552,4565)
(1870,1498)
(1001,3789)
(3528,2107)
(1723,1973)
(3820,0)
(1953,974)
(788,1466)
(1241,3626)
(2375,1377)
(2331,4946)
(939,2278)
(3237,2281)
(1890,810)
(2013,1375)
(285,2656)
(3378,2405)
(1614,2043)
(2383,1093)
(4002,542)
(483,2119)
(2960,3814)
(4150,2103)
(2781,2307)
(0,1598)
(249,2073)
(830,2469)
(2376,4594)
(1519,1001)
(2190,1923)
(786,1904)
(1983,3616)
(3734,4682)
(4961,1392)
(4343,2511)
(0,2658)
(332,3131)
(3745,2296)
(4263,3979)
(566,4466)
(0,1611)
(144,572)
(3847,2199)
(2202,2054)
(2094,1703)
(0,1732)
(872,3876)
(3284,4193)
(2597,1277)
(2282,1939)
(2450,1752)
(4498,3041)
(2927,2616)
(0,1853)
(0,3839)
(2762,3680)
(1817,2226)
(523,2567)
(1449,1012)
(1924,1305)
(1542,1203)
(4561,2952)
(0,3142)
(776,1148)
(3181,4953)
(2964,0)
(1255,99)
(3791,977)
(895,1513)
(0,3263)
(2935,1406)
(2840,4552)
(4331,2769)
(2613,2523)
(953,3975)
(3495,403)
(1993,3488)
(2525,2531)
(815,3223)
(314,3695)
(680,3385)
(3020,2365)
(2710,3637)
(2673,2523)
(191,3867)
(2702,2177)
(1021,3799)
(3428,2052)
(2220,1679)
(4274,2517)
(3135,2180)
(2884,383)
(486,4579)
(3810,2992)
(1903,1864)
(270,1019)
(978,3994)
(3222,1960)
(1336,935)
(166,1083)
(1268,1703)
(2569,3731)
(2013,1564)
(955,2182)
(1146,2652)
(1106,3748)
(1164,2706)
(2107,1872)
(1232,3335)
(4600,2757)
(3897,5000)
(3520,849)
(579,4352)
(4730,2988)
(0,2726)
(4717,3463)
(978,3310)
(4080,2879)
(1175,3595)
(3829,4694)
(2461,4332)
(3929,845)
(3036,4011)
(2719,4075)
(4544,2875)
(0,1800)
(1779,4914)
(4561,3007)
(2360,1927)
(4128,2896)
(2672,4902)
(1618,4407)
(1700,4971)
(2617,4148)
(2426,2402)
(74,1870)
(2811,2738)
(1969,1897)
(3908,5000)
(1165,2368)
(781,3654)
(3954,2083)
(4289,2598)
(913,3958)
(3730,2045)
(3904,2383)
(431,2349)
(931,4887)
(4035,587)
(583,1171)
(3661,2103)
(3738,1798)
(2346,1308)
(11,4917)
(825,1872)
(3347,4801)
(677,4081)
(1917,1962)
(2742,2304)
(199,2241)
(3311,2232)
(4142,2389)
(434,832)
(2295,2029)
(3963,1340)
(3724,829)
(0,3465)
(1037,3690)
(4772,2906)
(3233,2433)
(733,4632)
(1946,1444)
(3697,2244)
(503,908)
(4599,4038)
(4206,1074)
(1735,4563)
(2894,2307)
(3408,313)
(1138,3755)
(145,1321)
(4825,1762)
(945,3885)
(2018,1589)
(1382,890)
(2837,3843)
(2578,4033)
(1468,3229)
(366,3252)
(538,2312)
(3834,4864)
(537,4009)
(465,1689)
(4139,895)
(151,1987)
(3509,4663)
(3493,4655)
(1980,1697)
(1003,1220)
(3237,1962)
(1095,3145)
(265,4381)
(4062,503)
(588,3314)
(763,3840)
(852,3360)
(4252,1566)
(2183,1359)
(2083,1421)
(519,2396)
(1558,1307)
(2112,2647)
(114,2118)
(4576,2831)
(3911,1394)
(464,2847)
(473,4387)
(1952,1732)
(523,2114)
(4588,976)
(4406,2433)
(2315,1676)
(0,2231)
(1832,4417)
(2608,2423)
(4027,535)
(615,2763)
(332,3872)
(643,3505)
(4288,3959)
(1114,646)
(4457,1287)
(3564,2467)
(2834,2362)
(4262,2509)
(3316,2402)
(2137,973)
(2812,3771)
(1182,2214)
(488,2291)
(3098,1361)
(1928,1509)
(1991,4009)
(4981,102)
(3052,2413)
(185,2374)
(2616,2381)
(709,2236)
(4369,4570)
(1032,3680)
(557,2138)
(4538,2807)
(3698,844)
(3837,1942)
(478,3013)
(4254,2230)
(2540,3446)
(3570,4752)
(2920,1223)
(889,3227)
(354,3886)
(4279,1765)
(4109,2522)
(470,5000)
(56,1684)
(0,3775)
(4597,4676)
(2649,3739)
(35,1517)
(574,2963)
(223,3379)
(598,287)
(426,1789)
(893,1898)
(4620,3239)
(3363,2156)
(3638,1866)
(705,3540)
(1025,741)
(3031,4837)
(2831,3729)
(417,2319)
(491,4483)
(4082,4243)
(59,2382)
(3603,2030)
(763,3895)
(220,1926)
(4373,3079)
(2208,4396)
(4288,2483)
(1497,857)
(208,4023)
(394,3624)
(2052,2018)
(3079,1713)
(3957,3150)
(4235,620)
(484,2628)
(4097,915)
(3531,4210)
(1280,3730)
(2517,899)
(2768,2467)
(574,2521)
(2105,1894)
(3388,4804)
(3833,2158)
(3563,4283)
(1715,1335)
(188,4858)
(3432,4968)
(25,895)
(3646,4668)
(3928,1119)
(3862,2458)
(3132,4339)
(2012,2093)
(43,3248)
(4045,364)
(2749,2322)
(4564,2915)
(0,3588)
(940,4146)
(1365,2632)
(1995,1752)
(4594,2915)
(712,2188)
(1252,1644)
(4593,2919)
(2100,987)
(3729,4571)
(1969,1470)
(275,2601)
(864,1949)
(0,1615)
(862,3071)
(4148,2424)
(3912,2184)
(1866,941)
(854,443)
(1019,3405)
(2866,237)
(2919,2500)
(2341,537)
(547,2484)
(1177,3590)
(2030,1291)
(713,4358)
(708,1799)
(222,4794)
(163,1218)
(651,2433)
(4197,730)
(591,352)
(3292,3741)
(124,1640)
(4184,2602)
(438,3493)
(2779,3112)
(208,3970)
(2002,1434)
(3569,4665)
(3822,644)
(3825,2147)
(275,1930)
(2133,1890)
(376,2736)
(3991,867)
(4065,816)
(4305,2491)
(2071,1426)
(2558,1773)
(3848,0)
(4345,52)
(0,4556)
(2952,2343)
(2546,3641)
(1293,4249)
(937,2924)
(377,3230)
(15,1831)
(837,4383)
(801,2511)
(0,4677)
(573,1600)
(880,3972)
(979,3685)
(0,1415)
(4167,2503)
(4269,70)
(530,4384)
(2512,1670)
(2286,1098)
(2657,3714)
(292,3923)
(3434,373)
(1183,3865)
(3667,2338)
(394,2887)
(1278,4893)
(1591,3138)
(1042,3862)
(2324,1740)
(782,4460)
(3734,4728)
(280,2529)
(3994,4803)
(4596,936)
(0,3643)
(717,2237)
(2815,2364)
(2761,4050)
(3847,2137)
(2372,4130)
(3827,209)
(265,921)
(239,1915)
(3702,4644)
(451,788)
(2930,4249)
(2407,1993)
(947,847)
(4436,3003)
(313,3419)
(628,4477)
(3966,1842)
(422,3591)
(2425,1754)
(996,3368)
(3683,672)
(796,5000)
(1022,4000)
(2166,2173)
(502,2688)
(3337,2142)
(2829,652)
(929,3664)
(944,3006)
(240,1641)
(2373,1540)
(757,2096)
(908,3726)
(4390,281)
(4715,2818)
(506,3682)
(1602,3770)
(0,2275)
(2823,2163)
(2212,2009)
(1921,1308)
(2080,1301)
(3261,524)
(802,3838)
(3852,1931)
(560,4719)
(3631,4672)
(379,2163)
(2421,1715)
(1643,1155)
(2816,4230)
(2007,1846)
(1969,1325)
(665,3459)
(3042,2183)
(134,4439)
(381,1835)
(2054,1032)
(2274,3250)
(1973,1861)
(1838,1673)
(4236,4499)
(4274,2576)
(3694,769)
(1941,1276)
(3849,828)
(4699,1227)
(3697,959)
(2229,1679)
(775,3465)
(2571,3779)
(811,907)
(4589,2974)
(3596,769)
(466,3878)
(4366,2636)
(615,968)
(3001,2545)
(876,1009)
(4877,344)
(1921,866)
(0,3711)
(2333,1978)
(79,4004)
(232,5000)
(576,2595)
(1202,3515)
(3903,4689)
(0,4879)
(4005,1704)
(4528,1250)
(4584,3222)
(4206,152)
(2366,3444)
(0,5000)
(4518,2639)
(4197,2934)
(3596,206)
(697,3248)
(1752,4281)
(496,454)
(4189,2413)
(4194,2262)
(3491,5000)
(5000,4052)
(3031,814)
(915,3713)
(1056,3652)
(4084,37)
(484,4429)
(2277,1025)
(742,752)
(4539,3061)
(0,2101)
(3792,1851)
(3521,5000)
(3681,1983)
(4047,2077)
(3675,2205)
(712,3734)
(4931,30)
(818,3083)
(3127,2750)
(4132,579)
(988,1279)
(3149,2280)
(690,3571)
(2112,1954)
(4426,4180)
(2608,2306)
(4337,1627)
(299,3807)
(4422,3778)
(3374,4855)
(614,3037)
(0,2356)
(3367,1139)
(4402,2264)
(4149,2572)
(2432,2322)
(2469,4833)
(3840,4217)
(3387,1468)
(1022,3626)
(733,3523)
(44,4698)
(636,1375)
(2612,3542)
(3331,260)
(4425,3042)
(2797,2541)
(3984,532)
(3961,548)
(592,1426)
(2871,2611)
(687,3649)
(1881,1414)
(649,913)
(3305,2085)
(997,1596)
(3950,776)
(241,3949)
(4377,1523)
(3854,1482)
(239,870)
(923,3754)
(391,1907)
(0,2022)
(617,2664)
(1866,1119)
(1223,3642)
(1025,1671)
(4600,3113)
(314,4548)
(2920,3913)
(2039,1949)
(2377,1944)
(696,5000)
(2162,1238)
(3707,1970)
(2048,1890)
(3725,792)
(4704,2833)
(772,4766)
(2955,2042)
(1914,2075)
(3915,1855)
(1888,891)
(520,1512)
(0,3203)
(3936,2143)
(4615,1714)
(464,5000)
(2152,1839)
(522,3958)
(2667,2699)
(133,1638)
(358,4200)
(455,871)
(1496,343)
(3796,456)
(676,3499)
(717,4254)
(249,3920)
(2654,3524)
(2763,20)
(579,2748)
(4013,575)
(0,2519)
(4353,2565)
(3931,886)
(1931,4189)
(286,4044)
(57,4221)
(2325,1901)
(0,3458)
(265,2709)
(390,3872)
(4436,2455)
(2037,4063)
(22,4119)
(4335,3083)
(541,2469)
(3631,486)
(1628,2094)
(201,1354)
(946,1471)
(3391,770)
(3817,878)
(3130,3587)
(4518,4372)
(1374,1396)
(2150,570)
(4329,2571)
(1975,3198)
(2226,2551)
(1192,3755)
(4034,2165)
(500,2710)
(4489,2974)
(974,3532)
(2273,1808)
(2250,2090)
(660,3867)
(949,3704)
(0,788)
(3897,2015)
(2138,4774)
(3610,1958)
(996,3412)
(631,3930)
(2300,1695)
(3626,1794)
(120,3835)
(558,5000)
(977,1426)
(4737,2126)
(3719,1096)
(935,907)
(3875,1838)
(2282,1129)
(0,2090)
(2254,1821)
(2682,2002)
(326,5000)
(1133,3780)
(776,3479)
(337,1860)
(49,1164)
(169,3215)
(2521,1532)
(0,2211)
(0,1164)
(873,1210)
(1796,3585)
(2863,2292)
(2838,3925)
(2578,2537)
(2015,1902)
(669,1299)
(3857,117)
(887,704)
(2505,2705)
(269,3516)
(2132,4823)
(3514,1821)
(2378,3014)
(2967,4806)
(352,1191)
(2401,1951)
(235,1838)
(3087,441)
(3572,2176)
(1940,1970)
(4286,2687)
(3828,826)
(1089,1871)
(2040,4308)
(4175,641)
(2079,2021)
(4890,2838)
(1920,981)
(2527,3645)
(147,5000)
(546,2531)
(95,2595)
(55,1210)
(3900,823)
(166,2475)
(54,3991)
(1568,3387)
(436,4056)
(328,3705)
(3967,3213)
(1969,4670)
(824,4811)
(1125,3756)
(4134,2343)
(2871,2492)
(298,2257)
(306,4067)
(564,4628)
(2527,1672)
(1152,2583)
(1668,3631)
(18,3142)
(544,2663)
(550,3646)
(4999,4191)
(0,4936)
(180,3820)
(1197,4167)
(2353,1869)
(2164,1704)
(4690,3032)
(1692,1076)
(3512,4982)
(4940,4900)
(1720,4558)
(3574,4584)
(0,2024)
(2674,2341)
(2489,2790)
(944,3815)
(2869,4014)
(2077,1304)
(426,1085)
(1033,3483)
(363,4183)
(3389,4659)
(3485,166)
(434,3834)
(3077,2852)
(3113,2280)
(654,3608)
(310,2980)
(0,2037)
(2921,2460)
(2468,1697)
(2853,3982)
(1955,1297)
(486,883)
(3629,453)
(4124,2381)
(2996,3923)
(3018,1467)
(2882,2626)
(2173,1146)
(2317,2588)
(2363,1243)
(1881,974)
(931,3606)
(2252,1146)
(4569,3118)
(4495,2674)
(3144,7)
(2017,1774)
(0,3447)
(222,2062)
(535,4545)
(973,3953)
(2348,975)
(3702,2341)
(3822,945)
(3392,2300)
(3741,4440)
(3376,3524)
(232,2534)
(3992,760)
(1084,2979)
(3866,355)
(1467,3454)
(235,2953)
(2627,4052)
(1904,3657)
(2563,2310)
(686,610)
(3402,2062)
(766,3757)
(654,3287)
(294,500)
(1137,3929)
(3131,552)
(825,2351)
(4093,2626)
(686,731)
(4474,3220)
(2567,3075)
(1968,1992)
(529,3642)
(4029,1823)
(3318,4700)
(422,3287)
(81,4943)
(0,1837)
(4245,4336)
(0,4991)
(3064,3773)
(4177,2825)
(3511,2247)
(720,2836)
(4533,2874)
(4496,2992)
(4441,3056)
(3553,379)
(4357,3062)
(3665,2017)
(3610,1852)
(3131,2083)
(1379,2778)
(48,1746)
(2467,1810)
(4777,4560)
(2795,2807)
(787,4071)
(4984,3052)
(854,5000)
(3740,218)
(807,3612)
(2905,3739)
(324,1923)
(1022,4180)
(3023,3960)
(588,3430)
(756,5000)
(4042,906)
(4037,1794)
(14,1882)
(2259,302)
(628,1287)
(1290,4641)
(300,3902)
(3537,2087)
(899,3672)
(4665,252)
(2115,2364)
(2572,1822)
(4441,2614)
(3727,1810)
(2267,2125)
(4980,384)
(0,3394)
(4119,3502)
(177,546)
(1960,1335)
(2495,3830)
(2751,3756)
(3779,1983)
(2342,2541)
(12,1768)
(3979,2044)
(2072,1862)
(1632,809)
(351,3570)
(494,1892)
(3255,148)
(4564,3084)
(3994,716)
(496,955)
(3734,1580)
(3500,181)
(3314,4929)
(2682,3898)
(2749,3659)
(3810,2063)
(4529,2982)
(477,1844)
(3987,4096)
(0,3878)
(0,1663)
(4566,2985)
(4296,2343)
(1980,1505)
(4454,2929)
(4485,3033)
(1938,3494)
(1038,3466)
(2233,2624)
(2649,3734)
(71,3650)
(2023,1996)
(2315,1350)
(3818,624)
(3725,1830)
(1896,356)
(1966,1583)
(192,5000)
(1687,4154)
(0,4241)
(1880,3465)
(1171,4237)
(4866,2068)
(511,3898)
(1877,2184)
(1827,377)
(973,3700)
(400,3838)
(4362,3999)
(1424,603)
(4578,96)
(4160,751)
(2986,2672)
(369,2394)
(2593,3680)
(894,1727)
(4264,2013)
(4048,2617)
(3674,2147)
(527,3101)
(2937,3574)
(4945,132)
(876,747)
(2791,2473)
(2129,1307)
(747,1047)
(1743,1500)
(320,1468)
(3671,1970)
(957,3974)
(3658,4431)
(24,1820)
(3553,702)
(2565,4991)
(401,2746)
(3689,711)
(3839,2227)
(746,3912)
(1002,3609)
(4200,2620)
(2382,3944)
(4598,2666)
(1774,3307)
(1924,1036)
(0,1476)
(1244,1048)
(3706,1940)
(2960,3813)
(2862,2487)
(114,1726)
(4238,0)
(3470,2114)
(3972,1278)
(2115,2674)
(348,2832)
(2287,1734)
(2891,4881)
(53,2655)
(382,4816)
(912,1598)
(2372,3949)
(2270,1686)
(294,3656)
(913,1419)
(4598,3029)
(2037,2094)
(1003,3298)
(439,2704)
(2462,3963)
(2536,2451)
(4729,4616)
(2184,1740)
(3488,2080)
(2366,1222)
(761,4825)
(2328,1869)
(805,667)
(3463,4652)
(1491,3395)
(4996,1883)
(2362,1638)
(543,3821)
(4443,3104)
(3822,2491)
(2774,3797)
(645,5000)
(394,988)
(1035,3465)
(1068,3413)
(925,853)
(2533,1641)
(0,4188)
(0,1973)
(319,1689)
(413,5000)
(501,2669)
(3270,2257)
(4498,3053)
(888,5000)
(1274,3760)
(245,1107)
(1456,3471)
(4650,3006)
(436,3792)
(3650,1616)
(2822,2107)
(566,1579)
(1116,3443)
(0,2336)
(1110,1679)
(4110,409)
(1054,1747)
(658,3733)
(2099,1375)
(113,1166)
(2544,3711)
(3278,0)
(872,2386)
(576,3556)
(1999,1144)
(4598,2950)
(1071,2222)
(294,4745)
(3960,3861)
(2790,74)
(4269,2630)
(2830,2590)
(2347,4055)
(1180,3683)
(4299,2401)
(805,3513)
(3461,4685)
(4017,473)
(1734,1761)
(3774,715)
(3662,245)
(2287,4125)
(4099,771)
(3942,2514)
(4993,4660)
(743,3803)
(622,3513)
(4840,2846)
(1810,2924)
(2658,2496)
(650,1774)
(4124,1888)
(839,1417)
(2769,2485)
(3016,2325)
(4251,882)
(1260,4335)
(4229,3752)
(3433,3818)
(296,3770)
(631,3760)
(2322,574)
(1544,2000)
(4442,2934)
(2374,1932)
(4676,2872)
(1842,3091)
(2936,3887)
(2394,2520)
(3164,4653)
(4167,901)
(1603,715)
(2702,3841)
(226,5000)
(3661,2197)
(4098,2198)
(2237,1940)
(2144,1712)
(1151,3708)
(1091,1213)
(4475,3124)
(3764,1800)
(2389,3502)
(2294,1656)
(518,5000)
(46,3204)
(1033,3608)
(2499,2061)
(1072,1321)
(2782,2349)
(1471,2787)
(3716,1207)
(4700,1377)
(3533,2025)
(3149,4543)
(0,1223)
(2906,1109)
(2493,1465)
(3583,5000)
(1019,3831)
(1563,2497)
(3321,2519)
(1614,2957)
(945,3737)
(2213,1717)
(3560,707)
(738,2212)
(4707,612)
(0,3451)
(875,4846)
(0,2633)
(435,2066)
(2506,370)
(1991,2893)
(4635,2779)
(2534,3586)
(439,3619)
(742,1176)
(0,4740)
(4119,2633)
(2237,1269)
(625,4913)
(384,3804)
(4617,816)
(2834,2427)
(2111,2032)
(2868,2011)
(71,311)
(4338,2569)
(2586,4247)
(2352,2094)
(3107,1475)
(2018,4729)
(4265,1532)
(0,4753)
(3690,2240)
(4457,2870)
(2226,1847)
(1591,1336)
(3370,2006)
(2129,1685)
(86,1908)
(342,3820)
(4366,2644)
(4498,3029)
(3725,598)
(409,4749)
(2319,1930)
(4078,901)
(555,2773)
(1874,1930)
(4239,940)
(3537,668)
(2441,1519)
(1293,3641)
(773,1131)
(2688,3611)
(279,2545)
(4305,2462)
(4329,2590)
(2365,3335)
(3485,104)
(2678,1058)
(2865,2318)
(4167,848)
(2701,2395)
(2193,1925)
(3683,735)
(3874,4238)
(0,3143)
(4882,4213)
(2301,1872)
(798,4062)
(1763,1967)
(2437,3574)
(4087,2373)
(2666,953)
(4134,913)
(40,2518)
(2481,1587)
(4618,2948)
(2670,4226)
(2843,4154)
(2067,2472)
(2963,4973)
(700,3207)
(4418,3008)
(3406,66)
(570,3622)
(491,360)
(624,1118)
(4133,516)
(3842,2030)
(2199,1729)
(3268,4912)
(840,3604)
(2451,3872)
(2874,3709)
(3791,1691)
(315,3638)
(599,3168)
(2767,2307)
(4274,2747)
(2118,1861)
(423,2124)
(658,2930)
(596,2052)
(525,1354)
(3035,4458)
(867,2286)
(925,3688)
(3951,0)
(3865,714)
(2356,1625)
(287,2650)
(3086,2410)
(4225,2683)
(3039,4055)
(4183,2457)
(1485,3503)
(3950,1697)
(4466,2745)
(64,3480)
(0,3761)
(3853,717)
(4945,686)
(366,2017)
(117,2481)
(1458,3908)
(663,3408)
(0,3064)
(0,1788)
(3818,736)
(3733,2355)
(803,5000)
(762,2195)
(2613,2445)
(246,4301)
(571,3832)
(491,3314)
(2220,2635)
(2163,1872)
(0,2030)
(2641,2399)
(4033,674)
(650,1092)
(2298,3228)
(4706,3103)
(5,1061)
(2567,2571)
(862,1392)
(1462,3114)
(2791,2464)
(2896,2517)
(404,3668)
(3193,0)
(849,3264)
(894,3946)
(2807,1132)
(857,2337)
(784,3256)
(653,4493)
(4323,2560)
(2643,3626)
(618,2442)
(4219,2624)
(3792,1096)
(4112,2498)
(1987,962)
(4414,3065)
(0,2514)
(4188,278)
(261,4504)
(3206,4089)
(802,3138)
(2581,3808)
(4529,2907)
(4027,710)
(738,3503)
(2180,1784)
(2083,1851)
(2184,4872)
(2695,3361)
(50,4455)
(3583,2224)
(3707,3751)
(1198,3501)
(4453,3046)
(232,904)
(87,28)
(532,2593)
(363,4807)
(4401,2977)
(874,4464)
(504,3470)
(435,3599)
(476,3637)
(2737,2324)
(190,5000)
(375,2013)
(3768,2246)
(4804,886)
(403,3014)
(657,3833)
(2116,1344)
(1214,3458)
(3719,2017)
(3600,4806)
(372,4869)
(4577,3216)
(4011,2539)
(4773,2862)
(2283,2625)
(4527,2806)
(310,584)
(857,3197)
(3922,632)
(3819,625)
(3065,2903)
(1110,3764)
(3315,5000)
(2441,1992)
(961,3412)
(635,1670)
(2384,3858)
(3767,2313)
(991,3439)
(1658,721)
(4488,1780)
(3479,5000)
(4493,848)
(4061,2093)
(4444,2797)
(2666,3520)
(3538,1234)
(2507,4170)
(2433,1777)
(2365,2545)
(533,3971)
(2016,1839)
(3773,764)
(3960,590)
(3082,4788)
(4823,2951)
(4143,2145)
(4652,2022)
(2504,1899)
(163,775)
(2181,1919)
(136,3530)
(4053,2228)
(1506,3672)
(4234,2505)
(3184,2947)
(3337,3980)
(4334,2628)
(3583,185)
(419,1724)
(496,1190)
(335,1501)
(154,1426)
(81,1850)
(1034,3690)
(769,1995)
(2712,2965)
(444,2841)
(1481,3103)
(3717,1245)
(2244,1813)
(3304,3779)
(888,3757)
(4066,1887)
(1477,890)
(764,3169)
(3147,5000)
(3739,445)
(2189,1998)
(0,2958)
(4466,2881)
(2653,3566)
(4155,895)
(287,4304)
(3200,931)
(4951,3983)
(3993,338)
(654,5000)
(2128,2001)
(342,4132)
(1152,1197)
(3908,2078)
(0,2153)
(103,3032)
(3921,1788)
(223,3622)
(2566,2348)
(3276,0)
(3344,4601)
(856,2259)
(2114,1729)
(3815,1971)
(0,4489)
(3751,0)
(478,2801)
(3489,0)
(562,3209)
(777,919)
(3878,226)
(4239,2420)
(2155,2642)
(3419,4263)
(486,1470)
(61,540)
(3810,593)
(1750,3882)
(272,1928)
(3262,4666)
(4974,2128)
(1340,1503)
(2931,2351)
(3508,4843)
(2890,3747)
(588,592)
(3433,4669)
(264,3649)
(3844,1759)
(2677,3868)
(4475,2565)
(297,3274)
(1037,3572)
(0,2529)
(3059,2886)
(3472,840)
(0,1482)
(1975,2027)
(779,3398)
(314,2022)
(3927,1770)
(632,611)
(2404,2554)
(2562,1679)
(4285,2912)
(999,1307)
(1619,234)
(3208,2204)
(2941,4829)
(3081,2365)
(984,1305)
(216,3419)
(439,2939)
(67,3067)
(3933,780)
(182,1556)
(1152,4043)
(737,3535)
(4018,2581)
(2030,1279)
(349,4887)
(240,1682)
(302,345)
(639,1953)
(656,3583)
(3751,1907)
(3234,2620)
(735,2829)
(3040,4188)
(1693,1485)
(3571,4578)
(3581,5000)
(2743,3672)
(2196,1059)
(279,2670)
(874,3782)
(1939,1891)
(75,2382)
(3863,2885)
(2488,1581)
(4377,3106)
(2831,1920)
(782,3146)
(272,1849)
(886,3203)
(3455,2043)
(2721,1001)
(2342,4617)
(871,3605)
(642,3782)
(559,4013)
(2290,3932)
(3040,0)
(2133,1770)
(2661,3350)
(3562,5000)
(3975,214)
(2159,1648)
(860,2140)
(822,3605)
(2011,1255)
(138,4370)
(4298,2560)
(3706,699)
(2546,1535)
(4316,2614)
(1338,2559)
(2475,3991)
(2017,898)
(2242,1016)
(4423,3127)
(2556,2344)
(1778,3770)
(3643,1932)
(170,1935)
(278,2700)
(3478,589)
(670,945)
(394,2767)
(703,2290)
(4266,2217)
(959,3973)
(558,3629)
(2237,2604)
(4933,3434)
(4265,2517)
(4770,2918)
(2854,3182)
(2635,3818)
(418,2464)
(2056,2155)
(3745,2114)
(3648,195)
(2661,693)
(673,3592)
(1991,1918)
(4566,4148)
(2138,1793)
(2647,3885)
(2624,3901)
(2700,3896)
(4083,4566)
(110,3492)
(471,1485)
(2520,1979)
(1055,4165)
(2304,4606)
(1314,2820)
(4360,2457)
(0,2960)
(2233,1814)
(1542,3357)
(1738,1017)
(349,4016)
(294,4080)
(667,1144)
(995,2141)
(1819,1127)
(862,565)
(366,4599)
(607,4661)
(3007,2726)
(2768,2215)
(3831,692)
(255,2489)
(4328,1498)
(3474,391)
(1846,1122)
(142,4719)
(1548,906)
(1267,627)
(2901,3094)
(4291,505)
(4239,2301)
(2387,1826)
(2318,1992)
(0,2276)
(4652,2884)
(4509,2835)
(3717,2081)
(1201,2380)
(4458,3018)
(1970,1659)
(4175,2666)
(1002,221)
(3820,4424)
(1645,556)
(576,3496)
(777,3486)
(2545,1257)
(1345,3714)
(840,4481)
(2524,87)
(2472,1654)
(3119,4619)
(2233,2540)
(2076,1839)
(3930,4309)
(2975,2130)
(2166,1732)
(3448,364)
(2023,1912)
(280,478)
(3796,0)
(69,2594)
(1941,1506)
(3460,2000)
(2212,2723)
(2664,4052)
(3066,568)
(376,4215)
(1071,4740)
(4254,1228)
(4543,3088)
(1728,1334)
(4038,4084)
(437,2653)
(3157,2120)
(2899,3545)
(2195,3429)
(728,2536)
(26,803)
(3886,953)
(978,2418)
(2646,3486)
(2484,3424)
(3891,4680)
(3824,4690)
(3305,3307)
(1827,1353)
(719,3362)
(446,729)
(4252,2363)
(191,2425)
(1682,1874)
(0,2076)
(4009,2349)
(103,511)
(0,3244)
(253,3424)
(2774,530)
(203,3603)
(2087,1815)
(2324,1233)
(4739,2050)
(2227,1300)
(599,5000)
(530,965)
(86,1217)
(2412,2514)
(2140,4041)
(4619,184)
(799,335)
(4329,3054)
(154,5000)
(105,5000)
(3222,4840)
(3597,287)
(1914,1082)
(0,224)
(3122,4838)
(4238,2131)
(3444,4781)
(1857,1837)
(3956,1923)
(3336,0)
(1008,2794)
(1710,97)
(4447,440)
(2409,1532)
(4248,2445)
(894,4126)
(1165,684)
(2021,1837)
(54,1870)
(3567,1939)
(3988,1969)
(4255,2498)
(783,474)
(1782,1676)
(3390,478)
(667,1696)
(2297,1196)
(2130,1204)
(65,4112)
(729,3863)
(4647,2971)
(0,1660)
(1698,1631)
(4001,995)
(1153,3036)
(456,856)
(416,4692)
(2508,3836)
(109,3000)
(0,2010)
(0,1781)
(944,3801)
(1004,3815)
(481,1559)
(892,3116)
(2263,1975)
(785,2236)
(4252,2418)
(3135,672)
(2444,1986)
(4061,2823)
(587,3648)
(3978,2300)
(671,4056)
(4349,2472)
(512,3245)
(3806,732)
(2383,1868)
(4621,3052)
(517,3710)
(1071,3064)
(4316,2416)
(747,4172)
(681,3589)
(3201,406)
(4527,2986)
(3901,80)
(1111,3523)
(473,1280)
(226,4298)
(4276,2357)
(819,3122)
(3513,348)
(462,4016)
(4811,2637)
(1487,777)
(3245,5000)
(2447,590)
(505,3834)
(2047,848)
(4180,2770)
(2258,1068)
(678,3496)
(2779,2231)
(320,1573)
(2394,1831)
(90,2279)
(2562,3630)
(3462,396)
(857,3619)
(1674,3878)
(4198,2679)
(4555,2953)
(0,3675)
(2772,363)
(2915,2334)
(2937,3813)
(646,2510)
(3922,1175)
(2122,1422)
(667,2798)
(1370,2955)
(4180,2904)
(1963,2008)
(3021,2356)
(4120,3267)
(785,989)
(541,3517)
(374,3340)
(4395,2913)
(778,949)
(528,4975)
(4301,2497)
(3800,0)
(840,3786)
(2352,1860)
(902,3617)
(4057,1992)
(631,1582)
(853,2183)
(4803,3539)
(3841,418)
(2356,3672)
(0,3930)
(217,2467)
(131,3595)
(807,4403)
(3279,5000)
(1073,3741)
(468,894)
(2390,1576)
(2859,4764)
(476,2704)
(2088,1211)
(620,3651)
(269,2899)
(2729,4425)
(1895,3970)
(0,3125)
(583,736)
(419,4011)
(1881,4974)
(4465,379)
(996,3534)
(397,3471)
(4459,3045)
(2052,1823)
(2967,927)
(1862,1699)
(862,2487)
(3000,2501)
(1107,3752)
(978,3830)
(228,400)
(1372,3232)
(458,3306)
(1217,3883)
(2510,1856)
(3686,4411)
(560,3475)
(141,1276)
(633,3953)
(2985,2270)
(1949,1415)
(450,5000)
(844,4173)
(3717,1896)
(819,4345)
(3272,3616)
(3433,4473)
(350,1278)
(3056,2271)
(4337,2664)
(1398,615)
(2568,2224)
(2366,1716)
(0,1286)
(4172,2718)
(748,3660)
(994,2898)
(278,4906)
(3253,233)
(3738,1968)
(182,768)
(2931,2168)
(1970,2884)
(3894,0)
(4327,1545)
(3904,1856)
(2572,1942)
(3711,0)
(4617,2960)
(638,3505)
(935,1513)
(293,3995)
(2664,3988)
(3323,655)
(419,2764)
(2162,4006)
(424,2879)
(836,3052)
(3420,709)
(4498,2958)
(3803,4382)
(3598,4916)
(3868,310)
(2493,4227)
(3461,1420)
(637,2061)
(2230,1787)
(565,495)
(4310,2614)
(893,3744)
(0,2709)
(397,2345)
(421,4917)
(347,1999)
(2890,4048)
(2924,2612)
(910,3280)
(463,3234)
(4731,2913)
(4275,2404)
(4667,2928)
(1955,4076)
(293,2264)
(549,2190)
(3135,674)
(802,192)
(4597,3852)
(3411,1023)
(2230,982)
(1142,3643)
(2776,3895)
(2268,1210)
(1097,3348)
(517,2544)
(726,1900)
(3420,146)
(1581,1596)
(1404,2717)
(639,2133)
(3445,2081)
(4589,2698)
(376,2662)
(2434,761)
(2170,1883)
(934,4121)
(2417,4204)
(2045,2117)
(3177,1219)
(511,2971)
(1669,1308)
(3648,1972)
(3393,4900)
(743,3250)
(220,4606)
(946,4252)
(346,1749)
(858,3321)
(1768,3542)
(2698,3678)
(4060,3205)
(2270,1659)
(40,2810)
(3133,4508)
(4299,2211)
(128,1647)
(0,4845)
(3124,3907)
(3535,2229)
(2039,1389)
(3490,1934)
(1626,4603)
(1173,3840)
(616,3922)
(1753,1153)
(3947,1742)
(3473,3808)
(2347,2013)
(0,3811)
(716,1012)
(2290,3199)
(2288,1554)
(0,1717)
(489,3342)
(618,3981)
(603,2360)
(1611,3153)
(401,2411)
(525,491)
(3615,2184)
(141,3009)
(1142,3577)
(2269,2564)
(550,3702)
(4533,768)
(993,3225)
(0,1020)
(1882,1108)
(4204,2929)
(4639,2857)
(802,3630)
(459,2473)
(3048,2423)
(496,4876)
(1322,4460)
(3930,717)
(690,3429)
(2670,4089)
(514,1254)
(3055,224)
(2788,4081)
(1366,3456)
(3243,2904)
(4831,2811)
(1343,3701)
(1635,2826)
(816,3955)
(1930,4171)
(457,346)
(857,3663)
(2785,3904)
(454,3431)
(2322,2049)
(861,3674)
(1963,2870)
(0,2564)
(4511,1735)
(3764,2215)
(3901,2486)
(2325,2175)
(0,3503)
(644,2521)
(2249,1547)
(346,878)
(381,2003)
(2777,2053)
(389,3850)
(4408,2559)
(592,3620)
(1703,1616)
(4445,2562)
(1512,3482)
(2675,3883)
(3960,1995)
(4991,3940)
(927,3502)
(4438,1512)
(4345,2516)
(2526,2484)
(4441,2978)
(1089,3500)
(1399,2265)
(786,3462)
(3544,252)
(1439,4781)
(3722,2473)
(960,3800)
(3012,2313)
(4053,2465)
(3641,3689)
(3804,714)
(4524,3218)
(4811,4480)
(2438,2613)
(4680,1287)
(4924,2142)
(4819,4600)
(784,662)
(1562,2390)
(4733,1527)
(1114,3462)
(856,2120)
(1076,4109)
(761,5000)
(1819,2167)
(0,4350)
(3538,800)
(4556,820)
(1301,376)
(163,1496)
(529,5000)
(3612,3472)
(1969,1185)
(4534,2993)
(2791,3508)
(485,1668)
(3568,4597)
(4255,2531)
(2854,2517)
(3400,4905)
(733,1100)
(687,166)
(3545,4478)
(4207,4826)
(664,3602)
(674,4778)
(2009,1765)
(2812,3809)
(884,4544)
(3667,1327)
(4207,2732)
(4045,2441)
(4151,1147)
(732,3857)
(3944,817)
(0,1464)
(549,4675)
(4313,2606)
(3776,186)
(2046,1660)
(2846,2467)
(829,3911)
(2319,735)
(2045,1435)
(2515,152)
(2733,3758)
(890,3369)
(2325,2243)
(955,3498)
(0,3800)
(1965,1671)
(2968,2349)
(839,3552)
(3912,2154)
(3936,4726)
(3172,1590)
(1060,4194)
(2101,1717)
(3475,352)
(639,3908)
(85,2302)
(537,1645)
(2925,1605)
(1927,1042)
(3019,3455)
(4244,2748)
(352,3585)
(4427,920)
(3002,2239)
(2624,4767)
(992,2346)
(1671,2146)
(513,4563)
(2975,500)
(3241,656)
(1789,1872)
(612,1307)
(3178,4508)
(583,1774)
(374,3357)
(383,4574)
(4595,709)
(2051,1441)
(65,2198)
(650,4056)
(3203,2592)
(390,3422)
(2609,3839)
(2621,1678)
(3590,4694)
(3903,724)
(1953,1929)
(3785,1900)
(299,3425)
(3982,2185)
(3927,4235)
(4450,2061)
(3505,5000)
(1311,890)
(2512,2566)
(471,3882)
(239,2098)
(3783,2012)
(1830,3929)
(4560,3101)
(4604,2878)
(2260,1941)
(2578,2287)
(1065,2648)
(2457,2118)
(4513,3002)
(4076,786)
(3739,1918)
(4230,435)
(563,3834)
(1927,2010)
(323,3098)
(699,3614)
(2343,2110)
(4089,2795)
(3710,3967)
(0,4552)
(947,3837)
(453,4497)
(3827,287)
(0,3734)
(0,3505)
(458,3565)
(91,4037)
(581,1686)
(1943,1213)
(4134,107)
(3232,2221)
(2189,3834)
(2958,2884)
(2562,4870)
(838,3678)
(735,3671)
(3779,818)
(2356,1732)
(3827,300)
(2623,312)
(2340,1909)
(163,4384)
(2145,1441)
(2408,2309)
(0,1653)
(520,3345)
(68,740)
(124,3759)
(986,3037)
(2505,1316)
(1994,4547)
(4156,717)
(2973,3821)
(2747,2017)
(2617,3893)
(2138,1680)
(462,1431)
(742,1714)
(2247,2081)
(807,2368)
(331,4065)
(200,613)
(3698,145)
(4405,2747)
(3367,5000)
(2859,3776)
(1915,709)
(3800,543)
(9,1957)
(3968,4062)
(3517,3897)
(2456,2497)
(205,2771)
(3748,2194)
(2862,4087)
(766,3252)
(632,4191)
(4929,141)
(735,4289)
(1578,1302)
(0,2379)
(2469,1244)
(570,3434)
(494,4836)
(1301,3653)
(282,4428)
(690,3499)
(65,3676)
(1661,1192)
(2288,1290)
(3952,1973)
(909,3250)
(1948,3585)
(1696,2583)
(1584,4062)
(4684,2767)
(865,3594)
(2854,3808)
(3353,459)
(3319,4029)
(2321,1480)
(2923,4968)
(423,2057)
(2871,311)
(4474,3199)
(3474,2038)
(2767,1422)
(1902,3832)
(4660,2837)
(3758,4951)
(2779,3647)
(133,2116)
(45,2232)
(4050,1043)
(4469,4410)
(3728,1931)
(610,2162)
(0,4862)
(3913,2098)
(3505,317)
(4000,2511)
(3504,2344)
(1917,3601)
(3305,2134)
(1792,4360)
(2968,2714)
(3702,4924)
(205,2584)
(3727,258)
(625,2123)
(790,3422)
(4964,4257)
(3649,2001)
(631,662)
(3636,4691)
(3796,2465)
(527,689)
(375,3301)
(4341,2938)
(4549,3870)
(3747,2199)
(4961,4309)
(4035,616)
(3806,793)
(3744,1083)
(2422,1857)
(2795,4088)
(2748,751)
(3890,275)
(471,1790)
(3490,5000)
(3736,2023)
(3965,5000)
(3261,4884)
(3717,734)
(2483,3570)
(3807,2842)
(2386,1422)
(3416,4943)
(2251,1463)
(1964,1958)
(2772,3794)
(2898,3906)
(2347,1817)
(0,3615)
(2361,1486)
(3761,1800)
(655,2792)
(1849,1311)
(3003,4602)
(2788,2462)
(1732,1140)
(214,2002)
(2975,2409)
(2458,3876)
(4044,408)
(2245,1782)
(3623,2337)
(4115,59)
(866,1527)
(869,3259)
(2215,2024)
(3784,1918)
(1010,3612)
(4508,2915)
(3565,302)
(496,2115)
(816,3517)
(552,3178)
(323,3355)
(2328,4008)
(481,1433)
(1542,3220)
(2438,1557)
(4726,347)
(123,1846)
(3333,4624)
(0,958)
(4416,2521)
(1937,1921)
(127,3658)
(4270,2174)
(878,3297)
(3954,891)
(2780,2317)
(3218,4879)
(186,3605)
(392,3939)
(1920,1809)
(3616,724)
(3776,1908)
(352,864)
(4281,2575)
(2506,2320)
(1778,1352)
(3113,517)
(1423,1124)
(1213,3529)
(1793,1889)
(2172,1922)
(3431,5000)
(908,5000)
(2842,3558)
(650,2261)
(4048,2609)
(453,929)
(0,4596)
(4102,3074)
(1891,1535)
(4690,3510)
(490,3965)
(116,1509)
(2246,1174)
(264,1407)
(4288,2712)
(3372,4662)
(1936,1133)
(232,3562)
(2692,3856)
(2861,4079)
(4062,800)
(3661,4657)
(0,4838)
(377,2344)
(1595,2947)
(3787,2029)
(3079,2171)
(3158,2464)
(4269,2675)
(0,1576)
(2388,1765)
(4370,3023)
(44,1124)
(1814,4647)
(4026,2432)
(554,3037)
(3281,4678)
(1092,3615)
(2539,1826)
(6,2414)
(4469,3123)
(0,2865)
(259,3799)
(632,4798)
(2187,1788)
(56,666)
(847,1690)
(2170,1555)
(1825,1557)
(3082,4037)
(3634,2298)
(3867,816)
(756,3679)
(365,3757)
(3789,3111)
(3043,2998)
(2848,2005)
(3784,0)
(2111,1217)
(251,1184)
(1087,3634)
(1789,937)
(2792,2369)
(4211,2696)
(959,187)
(2507,399)
(190,2076)
(647,3749)
(0,1952)
(3183,4590)
(2115,1982)
(1084,3457)
(389,3346)
(898,3452)
(4404,2579)
(4519,3091)
(911,3687)
(2731,2372)
(1881,1936)
(4233,2468)
(761,3891)
(3020,2209)
(344,5000)
(4169,2712)
(1844,2054)
(4452,3037)
(4204,720)
(4479,2874)
(638,1956)
(1376,3871)
(1845,414)
(660,1193)
(675,3945)
(1429,2835)
(1019,4923)
(1440,4687)
(3264,633)
(540,2444)
(4045,4581)
(4083,4873)
(800,5000)
(4898,2282)
(4437,2890)
(3688,3297)
(3039,4837)
(1784,4581)
(1987,1005)
(1765,2124)
(304,4015)
(925,2147)
(125,3491)
(2035,4873)
(2423,2474)
(2305,1701)
(4235,783)
(137,4669)
(87,4259)
(68,1765)
(4870,3364)
(389,4072)
(1155,3605)
(1623,2956)
(3801,2103)
(0,2570)
(2355,2353)
(2843,3568)
(295,1700)
(3980,5000)
(1239,3195)
(4511,2909)
(4066,1741)
(2713,2411)
(1196,3619)
(2790,2752)
(840,3957)
(435,3642)
(3253,712)
(2542,3589)
(1033,2056)
(3218,196)
(1152,4902)
(2339,3940)
(1429,3453)
(2208,1205)
(2044,2036)
(3509,2479)
(3008,2722)
(3750,4793)
(2621,3710)
(4017,4090)
(3375,4586)
(663,1533)
(3287,309)
(2800,4126)
(24,1317)
(590,3943)
(4805,349)
(1992,2088)
(3467,2081)
(2942,3428)
(4607,2993)
(849,4059)
(2587,2153)
(1898,2345)
(2039,2055)
(649,3597)
(408,2488)
(2774,2918)
(294,3369)
(2114,1825)
(3731,676)
(4726,2927)
(1839,839)
(3831,799)
(2478,1994)
(2366,1524)
(48,4252)
(3514,5000)
(3555,2557)
(1274,3928)
(2618,4081)
(1790,1943)
(4437,3066)
(2331,1543)
(2202,1658)
(3416,5000)
(2476,3853)
(3295,4710)
(103,0)
(1252,3472)
(667,2553)
(1436,1078)
(3499,3722)
(2387,2054)
(17,1919)
(174,2805)
(3584,4668)
(3985,582)
(4993,372)
(2221,1240)
(226,4658)
(1997,1266)
(3922,2219)
(0,4611)
(1775,1833)
(3373,176)
(3644,410)
(4075,633)
(3758,1680)
(94,2115)
(4490,3026)
(378,1645)
(4125,161)
(4157,2328)
(3900,982)
(1919,2083)
(742,3504)
(1183,2163)
(2056,1270)
(2145,2776)
(3384,2004)
(4542,341)
(3512,4899)
(771,2111)
(3947,2797)
(4050,0)
(154,1361)
(4356,2672)
(3960,2177)
(1143,3797)
(2521,2551)
(4355,1925)
(3644,2062)
(3785,1772)
(2401,1439)
(853,3819)
(2652,2189)
(4229,887)
(141,2078)
(3516,722)
(4276,4382)
(22,3554)
(2635,4127)
(1003,3655)
(2787,3666)
(3638,274)
(381,1622)
(1580,3932)
(4074,2827)
(2688,3845)
(3780,1791)
(3413,48)
(4142,2180)
(4205,3697)
(2654,2396)
(670,5000)
(487,3603)
(602,3590)
(3403,4177)
(4492,3875)
(1977,1595)
(676,506)
(3771,1082)
(2324,2642)
(4063,2651)
(0,3377)
(3523,1919)
(415,2801)
(442,3429)
(2679,2402)
(1538,3251)
(1104,286)
(1659,3662)
(2540,1196)
(1904,1251)
(3435,2048)
(3622,1874)
(0,2572)
(3675,1737)
(829,3851)
(4017,683)
(1966,1311)
(4237,686)
(3617,978)
(3161,698)
(3882,0)
(3136,2102)
(569,3631)
(3253,2687)
(0,4908)
(4816,4190)
(0,3861)
(175,4387)
(2441,1432)
(3756,3099)
(0,599)
(2436,1731)
(4232,2799)
(2762,2426)
(4489,3135)
(3802,1939)
(930,3623)
(3779,2221)
(432,4807)
(0,949)
(363,2758)
(3525,4556)
(1007,2271)
(857,3000)
(844,2923)
(574,847)
(1033,3576)
(2266,1040)
(1992,1969)
(2787,2432)
(2824,2499)
(759,1243)
(4651,2917)
(225,3524)
(2840,2480)
(4001,2512)
(4051,1875)
(4226,4616)
(3100,4999)
(3781,3411)
(1477,2169)
(3980,2345)
(3608,2702)
(57,5000)
(2189,1062)
(2746,1919)
(1414,19)
(1157,2578)
(132,1912)
(1804,699)
(0,3190)
(2085,1355)
(4117,2471)
(3623,1899)
(4216,2413)
(2148,1411)
(4567,2936)
(4790,2456)
(4088,952)
(803,2201)
(221,5000)
(3337,266)
(3625,2130)
(22,818)
(3776,2262)
(3409,4720)
(432,1921)
(3621,2361)
(3392,57)
(4152,1731)
(3367,0)
(1482,1829)
(1263,4414)
(2481,2802)
(2056,1835)
(3995,737)
(700,3025)
(3480,291)
(3318,0)
(597,3772)
(2676,3916)
(4819,73)
(4374,2840)
(180,2558)
(797,3429)
(181,4917)
(1927,4178)
(3783,571)
(3382,4428)
(662,531)
(2254,3755)
(541,1638)
(271,1814)
(689,2327)
(1050,3501)
(4269,1632)
(3808,2442)
(267,2045)
(0,1701)
(3801,1005)
(1025,3565)
(1,1027)
(4457,2972)
(2153,976)
(0,1822)
(3219,2168)
(597,1812)
(4914,444)
(3260,1940)
(3572,4686)
(4535,2784)
(2570,2432)
(2718,2532)
(3683,4675)
(4460,1334)
(2334,1788)
(4042,757)
(4423,2620)
(3210,4347)
(3746,651)
(3310,2713)
(127,563)
(4204,711)
(4095,1707)
(594,3826)
(964,2642)
(3285,3824)
(869,3802)
(849,854)
(1808,3906)
(746,3587)
(3774,2187)
(3534,2434)
(4567,2991)
(0,2198)
(3741,2360)
(3746,3229)
(671,3534)
(2366,1581)
(783,2314)
(748,3525)
(789,3297)
(4323,2486)
(3939,1328)
(61,3497)
(2165,1941)
(4596,2766)
(2495,1816)
(3746,1135)
(2047,902)
(2413,1225)
(2017,996)
(3748,2147)
(0,3608)
(1368,3475)
(0,1393)
(48,4322)
(655,5000)
(2024,1305)
(4371,1493)
(1191,3024)
(2211,1131)
(0,2561)
(0,346)
(4003,508)
(2260,1023)
(1253,3121)
(3696,2199)
(3211,3204)
(2120,1888)
(3973,4722)
(158,1807)
(4153,2559)
(998,1151)
(2155,2003)
(3027,4147)
(4161,3847)
(884,2971)
(330,355)
(3726,2054)
(3916,1397)
(497,2454)
(3995,0)
(4208,0)
(3844,2167)
(740,3757)
(3774,4323)
(2258,1848)
(2702,3582)
(4315,476)
(949,834)
(1843,1461)
(3497,4580)
(3731,317)
(527,2723)
(3713,1697)
(0,2011)
(4308,594)
(3641,4975)
(738,893)
(342,3293)
(867,3932)
(750,3118)
(2121,1977)
(4876,2219)
(4554,4154)
(2311,1808)
(148,2380)
(0,4239)
(353,5000)
(4023,852)
(2609,4023)
(2103,1936)
(2467,1395)
(505,4761)
(3633,1313)
(1329,3710)
(2399,1934)
(344,3086)
(4537,3180)
(2185,2648)
(0,2266)
(873,1602)
(596,5000)
(563,393)
(0,1448)
(745,3551)
(3584,0)
(290,3910)
(704,2732)
(308,4718)
(3607,4535)
(2342,1642)
(1340,3818)
(1303,3936)
(2208,1827)
(303,2509)
(0,1690)
(1748,795)
(3623,2156)
(433,525)
(1279,3205)
(298,4272)
(2346,2592)
(2793,4035)
(1330,4604)
(139,2643)
(2208,1840)
(2865,878)
(3803,2100)
(4200,982)
(3938,1736)
(247,1809)
(4571,3140)
(1793,1453)
(3718,4621)
(354,888)
(4404,3148)
(3712,2103)
(0,1824)
(2951,958)
(260,960)
(2270,974)
(3971,758)
(287,2002)
(1999,1679)
(96,1653)
(225,77)
(10,2138)
(543,4853)
(1301,3219)
(3935,431)
(2718,3702)
(419,2013)
(854,4156)
(1757,1220)
(3864,901)
(2682,1978)
(4113,3857)
(2113,1269)
(0,3234)
(2136,1926)
(2318,1903)
(0,2187)
(2359,1446)
(1927,1752)
(1071,1013)
(2198,3972)
(2718,3715)
(4133,365)
(0,4294)
(1206,1359)
(130,3357)
(570,3363)
(1301,3582)
(4028,2005)
(1469,3395)
(70,2488)
(2274,4088)
(2731,3775)
(0,2200)
(240,1098)
(988,3472)
(759,1434)
(836,3603)
(1283,616)
(441,4242)
(4276,2642)
(2199,1820)
(1748,1655)
(2601,1571)
(32,4488)
(1007,1657)
(3718,1038)
(3373,1040)
(4603,2892)
(4362,2537)
(925,3429)
(3509,3264)
(618,4706)
(384,4539)
(278,2800)
(2299,1771)
(4165,2558)
(4226,969)
(3627,2330)
(2216,2123)
(1806,1205)
(1112,3268)
(107,1992)
(2864,3741)
(636,535)
(2960,1759)
(2343,1302)
(4048,0)
(3492,1997)
(4204,2499)
(97,2593)
(495,653)
(378,1825)
(1977,1036)
(366,3168)
(3967,169)
(2324,2083)
(4183,2682)
(3263,4927)
(769,3265)
(3732,3685)
(2498,2320)
(2710,3408)
(3030,2366)
(3838,819)
(4153,1877)
(2889,4578)
(414,943)
(938,3343)
(2359,333)
(963,1121)
(863,1183)
(3805,4964)
(3198,85)
(4369,3050)
(4152,2527)
(1817,1447)
(2665,3907)
(4736,2965)
(2461,3848)
(2693,2959)
(2240,1930)
(751,3988)
(2331,1294)
(744,2551)
(2123,1759)
(1303,3683)
(1458,1113)
(477,1160)
(3001,2378)
(2211,1764)
(922,729)
(2047,2006)
(2090,2642)
(4193,1652)
(2587,2401)
(1835,1305)
(4460,3164)
(934,3304)
(2185,1603)
(581,3711)
(679,5000)
(3361,977)
(503,2973)
(4539,2531)
(3352,1278)
(3639,2274)
(3697,0)
(388,1158)
(3879,1963)
(646,3668)
(296,1569)
(3959,4881)
(2892,2461)
(514,2731)
(2379,2879)
(2518,3977)
(302,2057)
(3739,4548)
(4102,2385)
(569,3569)
(753,1929)
(1730,1157)
(1807,1377)
(413,2275)
(4084,1735)
(4191,3258)
(3678,0)
(3646,4892)
(774,2109)
(2081,1737)
(3947,804)
(2871,2536)
(4120,237)
(4949,964)
(2031,1741)
(2886,2292)
(1024,3573)
(2911,4042)
(448,3642)
(212,2648)
(2167,1494)
(4722,2614)
(2774,3892)
(962,2816)
(695,4458)
(3752,312)
(3763,178)
(4593,110)
(1373,4494)
(3077,3004)
(3474,196)
(4530,2915)
(1094,4032)
(481,3014)
(2538,1679)
(138,2015)
(1215,3396)
(3992,428)
(628,1613)
(1266,3361)
(561,3774)
(647,845)
(671,1202)
(1765,1180)
(3821,4868)
(2422,1975)
(1174,2698)
(3331,4186)
(3952,1086)
(348,1572)
(4138,724)
(4672,1597)
(2955,115)
(1912,1765)
(2142,2227)
(3757,2200)
(1099,1103)
(1379,3601)
(1052,3243)
(1028,634)
(0,3841)
(4582,2956)
(2987,2403)
(919,2835)
(1999,1481)
(1443,3478)
(538,1157)
(2804,4389)
(4057,748)
(4277,2737)
(4431,666)
(3880,2778)
(535,1798)
(3330,3802)
(3784,2023)
(3713,1325)
(394,2990)
(80,3288)
(2504,727)
(4026,738)
(233,534)
(1286,3544)
(2335,891)
(4429,2848)
(714,2564)
(225,2107)
(4110,4034)
(2321,1895)
(4449,4897)
(3363,20)
(2099,1967)
(528,3986)
(1935,1041)
(422,4728)
(2690,2408)
(2709,3818)
(2821,2073)
(3103,1005)
(2991,2484)
(1626,1868)
(125,2936)
(3122,2415)
(2441,1559)
(4519,3020)
(4187,295)
(487,3288)
(180,1825)
(3137,3891)
(363,1946)
(1039,997)
(958,3287)
(3845,716)
(2468,3769)
(2415,1627)
(1360,3977)
(4778,3486)
(566,4870)
(3384,4643)
(2344,1868)
(0,3183)
(3281,206)
(4365,2529)
(1001,3751)
(3034,3483)
(110,1742)
(1131,1242)
(1001,3872)
(2401,1742)
(1872,1132)
(4172,1474)
(2628,3855)
(0,3425)
(4150,897)
(1872,314)
(2557,1171)
(2754,3671)
(3137,4375)
(1294,1771)
(2939,2441)
(597,4583)
(2326,1689)
(4606,4038)
(3647,168)
(4603,2949)
(1050,3252)
(2054,1122)
(2183,1761)
(951,506)
(3843,4658)
(4629,3352)
(3750,37)
(4221,1608)
(357,3904)
(2457,2414)
(2711,4216)
(649,4197)
(2557,1534)
(190,4851)
(2203,1716)
(3701,875)
(722,3894)
(216,1053)
(1432,3532)
(3692,45)
(2871,2525)
(741,2860)
(4280,2430)
(3414,3218)
(2242,1536)
(0,647)
(768,1687)
(2044,4180)
(4556,2715)
(2194,2138)
(3861,4782)
(0,2754)
(275,4908)
(2675,1953)
(467,2863)
(3712,0)
(2554,3649)
(4331,2718)
(3660,1759)
(2521,3472)
(716,3338)
(88,1820)
(31,1249)
(184,2282)
(0,1707)
(3067,2184)
(4505,3019)
(756,3676)
(3663,0)
(2578,4356)
(2722,3583)
(2289,3472)
(2994,4163)
(766,3172)
(848,3736)
(4900,4608)
(380,2584)
(423,675)
(3747,91)
(388,3872)
(183,4635)
(573,390)
(3671,712)
(782,4176)
(3540,1949)
(2419,1693)
(3463,682)
(2788,4192)
(3737,4570)
(2009,3902)
(751,4166)
(4096,4688)
(123,4597)
(4035,965)
(979,3535)
(1552,953)
(4416,2828)
(742,3299)
(1186,832)
(1166,3482)
(2945,2166)
(3298,2964)
(2782,2404)
(672,3886)
(2425,1349)
(498,1518)
(3823,5000)
(3054,3506)
(26,2462)
(318,2082)
(4573,4037)
(853,1157)
(130,5000)
(526,5000)
(202,3856)
(320,4077)
(2595,4096)
(0,3843)
(1271,3777)
(4519,2875)
(3165,2677)
(3853,5000)
(422,2031)
(2598,4781)
(633,2214)
(113,229)
(2229,1945)
(2485,1642)
(3687,4186)
(1860,1324)
(4566,3071)
(2768,3916)
(97,2355)
(2561,2539)
(1305,3667)
(612,4612)
(2421,960)
(879,3680)
(1866,2135)
(2903,411)
(1103,4593)
(2768,1943)
(3714,1821)
(3688,2034)
(4159,2558)
(384,1994)
(1603,3953)
(4072,869)
(4147,2211)
(1977,1161)
(645,4923)
(4500,2972)
(4345,2869)
(3838,1052)
(3272,146)
(4024,1996)
(608,2762)
(322,2405)
(4074,770)
(73,4589)
(4176,0)
(804,3990)
(4597,2918)
(194,5000)
(249,1903)
(4670,4335)
(4506,2921)
(1146,3353)
(1642,3934)
(81,2440)
(2830,2150)
(3628,2130)
(3521,2004)
(0,2488)
(3295,1432)
(977,3931)
(3570,4525)
(1933,1760)
(4039,802)
(2812,2631)
(0,4595)
(1344,318)
(3091,2167)
(3228,4653)
(3582,4885)
(218,1411)
(163,4306)
(1080,3483)
(2017,2346)
(2884,4146)
(3944,928)
(0,3790)
(2073,440)
(1307,1432)
(3244,1456)
(3636,2209)
(3571,3019)
(3879,920)
(1303,2895)
(1876,1215)
(536,2349)
(1895,2891)
(424,1879)
(4021,2558)
(2390,1557)
(173,4862)
(567,2049)
(0,1938)
(1865,3254)
(1045,3636)
(4916,4662)
(0,3227)
(2660,3646)
(3878,2226)
(4201,1684)
(2573,200)
(2509,2430)
(4525,2747)
(867,3751)
(2644,4052)
(1424,636)
(2496,1673)
(3738,647)
(1781,644)
(4446,1407)
(505,3520)
(3304,5000)
(2920,2085)
(1058,1188)
(887,552)
(3662,1941)
(665,4411)
(1251,1768)
(2430,2379)
(885,1418)
(1726,4212)
(2016,524)
(2289,1851)
(1021,3413)
(3557,4520)
(186,4009)
(2177,886)
(3437,4869)
(3337,1484)
(4782,3032)
(4529,2815)
(477,3434)
(2434,1158)
(1159,3239)
(995,98)
(798,3233)
(774,2610)
(2489,2033)
(3750,2188)
(842,1438)
(1783,1992)
(4061,323)
(3916,908)
(2025,1525)
(2099,1474)
(2007,1885)
(4022,2997)
(4695,1548)
(2506,2737)
(4810,74)
(774,3081)
(125,2443)
(3712,970)
(1808,2062)
(1809,1203)
(3414,0)
(3941,685)
(2657,1714)
(1010,2432)
(4396,1494)
(2336,87)
(2795,2587)
(3014,187)
(947,807)
(193,2294)
(4623,2826)
(3749,2033)
(3615,2218)
(3581,4556)
(2249,1902)
(3128,531)
(89,3233)
(2121,791)
(362,3513)
(2884,2241)
(0,2114)
(2354,1029)
(4676,3079)
(2368,4576)
(2566,4066)
(694,724)
(0,1067)
(1884,1265)
(785,3737)
(1270,3257)
(2109,565)
(1269,3557)
(2244,1921)
(1392,3627)
(2505,2487)
(4970,2142)
(1685,3620)
(685,2230)
(0,4342)
(4566,1234)
(943,3922)
(2483,2324)
(2963,3715)
(0,1309)
(461,2192)
(4425,2692)
(963,3342)
(827,3747)
(4024,2119)
(2310,1615)
(193,1623)
(996,1718)
(4523,2971)
(15,5000)
(2819,2889)
(4018,769)
(1356,3458)
(3556,4350)
(2020,2162)
(84,1959)
(3717,3113)
(3665,213)
(258,5000)
(2920,4260)
(774,3833)
(1954,1929)
(1049,3772)
(3616,2014)
(367,971)
(3522,3547)
(3711,2022)
(2568,2502)
(188,1908)
(4164,18)
(2310,3146)
(1976,1543)
(4434,2996)
(2613,4086)
(1550,159)
(4037,2542)
(525,1156)
(726,3775)
(0,1685)
(623,2630)
(682,3210)
(4522,4169)
(3536,4892)
(913,339)
(1033,3144)
(4002,871)
(333,3443)
(763,2502)
(262,4960)
(1408,3206)
(1767,372)
(805,3667)
(2539,1117)
(356,2528)
(3494,1983)
(3423,3271)
(0,2866)
(4540,3004)
(4452,2891)
(2371,2593)
(813,3275)
(3904,4604)
(530,2923)
(4139,980)
(961,3375)
(3917,638)
(433,775)
(4799,2975)
(3899,998)
(3240,2116)
(3924,762)
(3841,993)
(1145,3869)
(4304,1986)
(3749,3161)
(2082,1914)
(3622,4517)
(2084,1731)
(880,3692)
(952,3797)
(2718,3939)
(531,2757)
(873,4672)
(2784,2492)
(0,2303)
(2221,1857)
(3843,2018)
(1193,597)
(4468,1518)
(1815,1583)
(755,4572)
(3528,2128)
(80,2676)
(0,2195)
(2513,3547)
(2620,1458)
(4089,1377)
(355,3820)
(4555,2870)
(2777,2610)
(3556,4297)
(397,2770)
(2568,2436)
(328,2374)
(3676,915)
(558,3590)
(694,2202)
(3564,216)
(3140,2369)
(469,3023)
(2459,2156)
(4374,2650)
(2587,2570)
(935,3698)
(157,2384)
(690,2618)
(3642,3640)
(2190,1823)
(3867,496)
(2425,3797)
(960,3768)
(492,2202)
(4518,318)
(228,2277)
(4791,4119)
(264,4859)
(783,1977)
(187,4841)
(4554,2836)
(785,3255)
(4183,1617)
(4012,1735)
(4435,3824)
(2943,2810)
(2440,1435)
(1289,1862)
(4012,809)
(3918,127)
(2768,2176)
(3641,4730)
(2853,3940)
(4952,4063)
(454,3104)
(3983,0)
(4054,3034)
(711,3295)
(294,1960)
(1484,1003)
(323,3829)
(4376,2388)
(1707,1920)
(0,2358)
(4876,4660)
(4451,2976)
(929,2821)
(127,4119)
(2921,2552)
(3741,2062)
(1005,2587)
(370,2076)
(4460,2917)
(4036,2589)
(2223,1813)
(2434,2262)
(2532,2568)
(3416,3820)
(928,209)
(242,4119)
(2578,3852)
(1857,4092)
(4494,3036)
(2937,4953)
(3853,495)
(3175,2566)
(881,4227)
(874,3248)
(415,1916)
(2765,3836)
(3038,3436)
(672,3006)
(1900,1816)
(2335,1744)
(1449,1651)
(17,4243)
(499,2031)
(3737,441)
(4027,917)
(4348,2436)
(1058,3836)
(1994,1077)
(3745,2372)
(0,3902)
(2679,2348)
(4033,331)
(4301,1543)
(915,37)
(3117,3971)
(707,2451)
(4896,3594)
(369,887)
(4510,3006)
(4398,2536)
(0,4962)
(3947,5000)
(2548,4093)
(2698,4037)
(3632,4844)
(2471,2008)
(2533,4872)
(907,539)
(1652,2090)
(3014,1654)
(147,1201)
(1337,1934)
(4544,3017)
(579,4507)
(2308,1613)
(4565,3076)
(3865,2170)
(1726,2914)
(324,955)
(3286,3631)
(2713,3769)
(2380,3825)
(1108,663)
(4024,3223)
(713,3288)
(809,3750)
(831,1294)
(2660,1785)
(657,3356)
(114,1387)
(1628,820)
(241,3414)
(4465,2821)
(1798,1231)
(669,3366)
(306,1328)
(2014,1529)
(2081,1290)
(3930,942)
(771,2825)
(3930,713)
(268,1975)
(2626,2258)
(833,3181)
(442,1310)
(4437,3109)
(2028,1814)
(1019,2819)
(2053,1578)
(1829,1870)
(1989,3808)
(2336,3098)
(185,2327)
(2028,1935)
(0,3715)
(2729,3968)
(1197,2946)
(705,1023)
(278,4891)
(585,3587)
(408,1739)
(4198,2840)
(724,2204)
(4167,2480)
(3675,557)
(2240,1417)
(2903,1209)
(0,4775)
(3761,974)
(2083,1884)
(2253,2295)
(608,164)
(0,3728)
(1808,1127)
(686,757)
(2463,1058)
(0,4896)
(2054,1304)
(2102,4233)
(261,2456)
(3541,2031)
(811,3273)
(3737,1798)
(3606,2281)
(4266,2556)
(3801,4671)
(771,4261)
(482,2172)
(571,3907)
(4315,2448)
(50,1468)
(3522,1994)
(3398,4439)
(710,3729)
(273,722)
(4164,2666)
(741,2224)
(3762,2097)
(3936,1755)
(4030,865)
(3296,2297)
(728,1652)
(2970,4527)
(1958,2080)
(292,4505)
(295,2295)
(0,1071)
(232,2360)
(2417,1732)
(1985,2038)
(720,1131)
(3470,1938)
(2909,3591)
(3999,2467)
(678,4288)
(559,4862)
(6,1909)
(386,1901)
(2488,3719)
(4101,650)
(2943,3067)
(621,1660)
(2916,3607)
(3530,4998)
(4388,1582)
(0,4696)
(3992,599)
(51,2446)
(823,3228)
(431,3606)
(391,2487)
(0,2602)
(3448,4757)
(2629,3671)
(4170,3695)
(1075,675)
(574,4594)
(4344,613)
(379,4355)
(86,2561)
(1199,1650)
(2685,3953)
(3091,2160)
(2981,3951)
(374,1917)
(1185,1607)
(1873,1715)
(2494,2291)
(3352,4537)
(2166,1708)
(4683,321)
(2914,4082)
(3966,680)
(3207,2843)
(4836,2751)
(2011,1541)
(2005,1238)
(1506,1261)
(2070,1074)
(471,3260)
(3569,872)
(348,1877)
(2681,3564)
(939,746)
(601,4659)
(3636,0)
(521,1926)
(4201,3650)
(3937,342)
(886,3744)
(113,1808)
(2334,837)
(271,2165)
(381,2525)
(2249,1961)
(438,2278)
(1800,1842)
(4331,2605)
(1039,926)
(4346,2324)
(3506,4333)
(1035,4375)
(3579,647)
(3467,2126)
(0,1126)
(2796,386)
(4031,892)
(648,4050)
(1490,3090)
(2988,2249)
(2339,1086)
(2071,3486)
(2448,1975)
(1073,937)
(1946,2030)
(246,2592)
(776,1360)
(2909,2491)
(3977,2066)
(1296,2298)
(1805,2404)
(4426,3097)
(3983,2756)
(156,3722)
(4669,236)
(3803,2007)
(2632,4145)
(3914,2023)
(4148,1961)
(4304,2703)
(780,3707)
(2511,1640)
(3734,4573)
(609,1839)
(1925,1287)
(3241,210)
(3485,5000)
(3560,2141)
(0,1502)
(750,2488)
(2216,941)
(3604,2184)
(2305,1693)
(670,923)
(3527,4071)
(4134,2534)
(335,3562)
(139,2455)
(372,4649)
(819,1662)
(3539,109)
(3332,5000)
(710,2429)
(4454,2660)
(166,3497)
(402,2047)
(4577,2996)
(1633,4804)
(1183,1040)
(81,1817)
(4551,2714)
(4463,386)
(4292,2719)
(350,3964)
(1337,3843)
(0,1636)
(1089,102)
(668,3721)
(4438,3712)
(1040,2546)
(4493,386)
(0,1757)
(4993,2658)
(1099,2860)
(3007,2220)
(3916,4660)
(1896,2652)
(1002,4132)
(3063,3926)
(2262,1433)
(1978,1674)
(3647,2930)
(548,4864)
(4579,2910)
(1273,3548)
(303,603)
(1784,2037)
(3668,774)
(889,3558)
(4547,1093)
(618,2048)
(3386,2458)
(4244,8)
(1692,2340)
(824,4452)
(2806,3990)
(2900,2605)
(4674,3160)
(3879,1465)
(2705,4581)
(1105,715)
(3923,717)
(0,2241)
(3931,2005)
(880,718)
(1186,2747)
(1862,1044)
(2562,2438)
(4909,2626)
(1872,1237)
(3153,2125)
(4840,3435)
(2464,2317)
(2516,1689)
(1098,2755)
(2405,1858)
(1321,2009)
(851,3292)
(629,3179)
(4610,3094)
(363,3474)
(372,2476)
(910,839)
(617,3475)
(2028,1992)
(1581,1946)
(1901,1887)
(2269,2054)
(345,2494)
(4661,2924)
(1345,659)
(4127,2199)
(1444,372)
(721,3424)
(721,1209)
(467,3544)
(1089,1083)
(342,1563)
(4310,3461)
(4070,739)
(1700,1358)
(2465,895)
(2979,3102)
(4524,3834)
(3918,1809)
(4464,3002)
(1683,4050)
(0,2859)
(3804,1909)
(2846,2465)
(302,4621)
(3602,4663)
(2237,1832)
(2177,1552)
(2328,1950)
(3687,4478)
(2732,3760)
(3752,177)
(3459,827)
(2868,2345)
(1455,2735)
(2887,1540)
(2498,38)
(4421,393)
(0,4040)
(411,2820)
(2110,1740)
(2044,1386)
(3978,2573)
(807,3695)
(817,2168)
(2893,2765)
(1845,395)
(3640,3224)
(596,3862)
(0,4511)
(38,2588)
(399,1776)
(170,2478)
(1835,2043)
(229,1072)
(3904,651)
(1736,4666)
(0,2188)
(450,4050)
(1133,845)
(680,2297)
(3283,196)
(0,2538)
(3811,4516)
(1541,4319)
(2798,1844)
(3906,2309)
(0,3477)
(2016,1808)
(1818,1823)
(4020,839)
(3761,844)
(3792,194)
(1795,1287)
(933,3766)
(2436,2515)
(2133,1282)
(1486,717)
(3815,2248)
(3868,862)
(2432,2517)
(343,4876)
(11,2151)
(1961,1885)
(2728,300)
(577,3959)
(3167,4548)
(2835,3846)
(2847,3146)
(2031,1540)
(4448,2992)
(3178,2199)
(3780,2267)
(3687,4062)
(3724,2143)
(2188,4385)
(1448,1606)
(106,3448)
(3630,0)
(4624,3073)
(30,2406)
(331,3566)
(4467,3355)
(2627,4203)
(426,4069)
(797,3487)
(2902,1109)
(407,2514)
(1368,3949)
(4009,2369)
(3744,4838)
(4289,2423)
(0,820)
(951,1042)
(878,4435)
(1344,744)
(2065,1029)
(4695,2966)
(1122,3785)
(2486,1961)
(4333,749)
(1482,1324)
(1401,3614)
(697,3269)
(455,2689)
(3970,1865)
(2198,1679)
(4007,700)
(3940,1878)
(2742,3176)
(111,785)
(790,2534)
(2577,4048)
(2871,4000)
(4713,2969)
(3678,538)
(4560,3141)
(2676,2714)
(850,3689)
(1041,4223)
(4532,2813)
(2114,1927)
(704,4574)
(286,2600)
(3004,2664)
(18,5000)
(2125,2732)
(380,2878)
(3575,4624)
(3969,4743)
